0,0,0,0,0,0,0,0,0,0,0,0,0.380929,0.012288,0,0,0,0,0,0,0,0,0,0,0,0,0,1.15918,0.296961,0,0,0,7.28069,3.52054,0,0,0,16.1345,5.20401,0,0,0,7.41381,4.1288,0,0,0,0.950278,0.229376,0,0,0,0.540675,0,0,0,0,9.97337,0,0,0,0,22.0546,0,0,0,0,9.35092,0,0,0,0,1.5442,0,0,0,0,0,0,0,0,0,1.46638,0,0,0,0,6.91819,0,0,0,0,1.31892,0,0,0,0,0.0204801,0,0,0,0,0,0,0,0,0,0,0,0,0,0,0.0983043,0,0,0,0,0,0,0,0,0,0,0,0
0,0,0,0,0,0,0,0,0,0,0,0,0.387334,0.0199657,0,0,0,0,0,0,0,0,0,0,0,0,0,0.806615,0.135767,0,0,0,7.12161,3.08864,0,0,0,17.0884,4.98134,0,0,0,7.39513,3.74949,0,0,0,0.770677,0.169708,0,0,0,0.339417,0,0,0,0,9.62163,0,0,0,0,25.4738,0,0,0,0,8.87076,0,0,0,0,1.25783,0,0,0,0,0,0,0,0,0,1.07415,0,0,0,0,6.5486,0,0,0,0,0.990301,0,0,0,0,0.00798626,0,0,0,0,0,0,0,0,0,0,0,0,0,0,0.105818,0,0,0,0,0,0,0,0,0,0,0,0
0,0,0,0,0,0,0,0,0,0,0,0,0.405015,0.00857173,0,0,0,0,0,0,0,0,0,0,0,0,0,1.39932,0.398586,0,0,0,7.3416,3.61509,0,0,0,15.3904,5.12798,0,0,0,7.44446,4.16153,0,0,0,1.04146,0.263581,0,0,0,0.797168,0,0,0,0,10.496,0,0,0,0,19.4356,0,0,0,0,9.90023,0,0,0,0,1.77862,0,0,0,0,0,0,0,0,0,1.75933,0,0,0,0,7.43161,0,0,0,0,1.67576,0,0,0,0,0.0407157,0,0,0,0,0,0,0,0,0,0,0,0,0,0,0.0878603,0,0,0,0,0,0,0,0,0,0,0,0
0,0,0,0,0,0,0,0,0,0,0,0,0.41697,0.0124468,0,0,0,0,0,0,0,0,0,0,0,0,0,1.08495,0.265533,0,0,0,7.43662,3.49965,0,0,0,16.7337,5.55113,0,0,0,7.87013,4.44141,0,0,0,0.827717,0.207448,0,0,0,0.487502,0,0,0,0,9.37396,0,0,0,0,22.1728,0,0,0,0,9.57308,0,0,0,0,1.29448,0,0,0,0,0,0,0,0,0,1.34426,0,0,0,0,6.22941,0,0,0,0,1.09325,0,0,0,0,0.0103724,0,0,0,0,0,0,0,0,0,0,0,0,0,0,0.0705321,0,0,0,0,0,0,0,0,0,0,0,0
0,0,0,0,0,0,0,0,0.00401849,0,0,0,0.375728,0.0120555,0,0,0,0,0,0,0,0,0,0,0,0,0,1.13321,0.279285,0,0,0,7.28367,3.4478,0,0,0,15.5925,4.82216,0,0,0,7.2897,3.81548,0,0,0,1.01466,0.261202,0,0,0,0.600762,0,0,0,0,10.2576,0,0,0,0,21.9775,0,0,0,0,9.16446,0,0,0,0,1.75407,0,0,0,0,0,0,0,0,0,1.5652,0,0,0,0,7.70564,0,0,0,0,1.49689,0,0,0,0,0.0241109,0,0,0,0,0,0,0,0,0,0,0,0,0,0,0.122564,0,0,0,0,0,0,0,0,0,0,0,0
0,0,0,0,0,0,0,0,0,0,0,0,0.413904,0.0160739,0,0,0,0,0,0,0,0,0,0,0,0,0,0.817757,0.146675,0,0,0,7.38414,3.31922,0,0,0,17.5087,5.41292,0,0,0,7.71569,4.09878,0,0,0,0.626882,0.146675,0,0,0,0.321479,0,0,0,0,9.17049,0,0,0,0,25.193,0,0,0,0,9.03586,0,0,0,0,1.0227,0,0,0,0,0,0,0,0,0,0.974476,0,0,0,0,5.78265,0,0,0,0,0.811729,0,0,0,0,0.00401849,0,0,0,0,0,0,0,0,0,0,0,0,0,0,0.074342,0,0,0,0,0,0,0,0,0,0,0,0
0,0,0,0,0,0,0,0,0,0,0,0,0.442192,0.00862813,0,0,0,0,0,0,0,0,0,0,0,0,0,1.33088,0.338654,0,0,0,7.35352,3.45334,0,0,0,16.0665,5.48106,0,0,0,8.00931,4.58797,0,0,0,0.977136,0.273943,0,0,0,0.685936,0,0,0,0,9.69409,0,0,0,0,19.5461,0,0,0,0,10.0436,0,0,0,0,1.58325,0,0,0,0,0,0,0,0,0,1.68678,0,0,0,0,6.81853,0,0,0,0,1.52069,0,0,0,0,0.0280414,0,0,0,0,0,0,0,0,0,0,0,0,0,0,0.0733391,0,0,0,0,0,0,0,0,0,0,0,0
0,0,0,0,0,0,0,0,0,0,0,0,0.368338,0.015674,0,0,0,0,0,0,0,0,0,0,0,0,0,0.805252,0.111677,0,0,0,7.10833,2.89774,0,0,0,16.6227,4.50635,0,0,0,7.10441,3.35231,0,0,0,0.801333,0.190047,0,0,0,0.431033,0,0,0,0,10.0272,0,0,0,0,25.557,0,0,0,0,8.75398,0,0,0,0,1.43808,0,0,0,0,0,0,0,0,0,1.25,0,0,0,0,7.35325,0,0,0,0,1.16575,0,0,0,0,0.0117555,0,0,0,0,0,0,0,0,0,0,0,0,0,0,0.123433,0,0,0,0,0,0,0,0,0,0,0,0
0,0,0,0,0,0,0,0,0.00420292,0,0,0,0.405581,0.00840583,0,0,0,0,0,0,0,0,0,0,0,0,0,1.4395,0.401378,0,0,0,7.30036,3.70062,0,0,0,14.8124,4.86061,0,0,0,7.31717,3.9528,0,0,0,1.1516,0.311015,0,0,0,0.874209,0,0,0,0,10.7662,0,0,0,0,19.1087,0,0,0,0,9.52401,0,0,0,0,1.99217,0,0,0,0,0,0,0,0,0,1.84297,0,0,0,0,8.17879,0,0,0,0,1.86819,0,0,0,0,0.0609423,0,0,0,0,0,0,0,0,0,0,0,0,0,0,0.121885,0,0,0,0,0,0,0,0,0,0,0,0
0,0,0,0,0,0,0,0,0,0,0,0,0.39075,0.0679566,0,0,0,0,0.0188768,0,0,0,0,0,0,0,0,0.598394,0.0679566,0,0,0,6.90355,2.83535,0,0,0,17.9381,4.76468,0,0,0,7.24902,3.4772,0,0,0,0.651249,0.120812,0,0,0,0.254837,0,0,0,0,9.19881,0,0,0,0,28.6597,0,0,0,0,8.12681,0,0,0,0,0.974043,0,0,0,0,0,0,0,0,0,0.751296,0,0,0,0,6.09746,0,0,0,0,0.738083,0,0,0,0,0.00377537,0,0,0,0,0,0,0,0,0,0,0,0,0,0,0.115149,0,0,0,0,0,0,0,0,0,0,0,0
0,0,0,0,0,0,0,0,0,0,0,0,0.476133,0.0144282,0,0,0,0,0,0,0,0,0,0,0,0,0,0.985246,0.214362,0,0,0,7.60601,3.4483,0,0,0,17.3197,6.0538,0,0,0,8.41397,4.85202,0,0,0,0.733781,0.171077,0,0,0,0.399869,0,0,0,0,8.79317,0,0,0,0,22.0104,0,0,0,0,9.59692,0,0,0,0,0.995552,0,0,0,0,0,0,0,0,0,1.18312,0,0,0,0,5.73429,0,0,0,0,0.913105,0,0,0,0,0.00412235,0,0,0,0,0,0,0,0,0,0,0,0,0,0,0.082447,0,0,0,0,0,0,0,0,0,0,0,0
0,0,0,0,0,0,0,0.00199657,0.00998283,0,0,0,0.371362,0.0159725,0,0,0,0,0,0,0,0,0,0,0,0,0,1.06018,0.249571,0,0,0,7.31726,3.25435,0,0,0,15.2591,4.45625,0,0,0,7.05173,3.49992,0,0,0,1.04421,0.309468,0,0,0,0.662862,0,0,0,0,10.4484,0,0,0,0,22.1288,0,0,0,0,9.03052,0,0,0,0,1.86877,0,0,0,0,0,0,0,0,0,1.74498,0,0,0,0,8.34955,0,0,0,0,1.65115,0,0,0,0,0.0718764,0,0,0,0,0,0,0,0,0,0,0,0,0,0,0.145749,0,0,0,0,0,0,0,0,0,0,0,0
0,0,0,0,0,0,0,0,0.00189934,0,0,0,0.415954,0.0721747,0,0,0,0,0.017094,0,0,0,0,0,0,0,0,0.5717,0.0683761,0,0,0,7.16976,2.96863,0,0,0,18.3703,5.20784,0,0,0,7.51542,3.84229,0,0,0,0.533713,0.106363,0,0,0,0.252611,0,0,0,0,8.69692,0,0,0,0,28.3666,0,0,0,0,8.34927,0,0,0,0,0.774932,0,0,0,0,0,0,0,0,0,0.679964,0,0,0,0,5.35598,0,0,0,0,0.567901,0,0,0,0,0.00189934,0,0,0,0,0,0,0,0,0,0,0,0,0,0,0.096866,0,0,0,0,0,0,0,0,0,0,0,0
0,0,0,0,0,0,0,0,0,0,0,0,0.356158,0.061535,0,0,0,0,0.0167823,0,0,0,0,0,0,0,0,0.607891,0.0578056,0,0,0,6.72063,2.66835,0,0,0,17.459,4.34474,0,0,0,6.94256,3.10282,0,0,0,0.658237,0.134258,0,0,0,0.251734,0,0,0,0,9.53439,0,0,0,0,29.1941,0,0,0,0,8.01115,0,0,0,0,1.14119,0,0,0,0,0,0,0,0,0,0.872674,0,0,0,0,6.86423,0,0,0,0,0.876403,0,0,0,0,0,0,0,0,0,0,0,0,0,0,0,0,0,0,0,0.128664,0,0,0,0,0,0,0,0,0,0,0,0
0,0,0,0,0,0,0,0,0,0,0,0,0.438465,0.0158721,0,0,0,0,0,0,0,0,0,0,0,0,0,0.821378,0.156737,0,0,0,7.69231,3.52566,0,0,0,17.7455,5.85105,0,0,0,8.0673,4.41455,0,0,0,0.539649,0.124993,0,0,0,0.317441,0,0,0,0,8.72785,0,0,0,0,24.7676,0,0,0,0,9.09879,0,0,0,0,0.736066,0,0,0,0,0.00198401,0,0,0,0,0.888834,0,0,0,0,5.34907,0,0,0,0,0.632897,0,0,0,0,0.00198401,0,0,0,0,0,0,0,0,0,0,0,0,0,0,0.0813443,0,0,0,0,0,0,0,0,0,0,0,0
0,0,0,0,0,0,0,0,0,0,0,0,0.497161,0.00857173,0,0,0,0,0,0,0,0,0,0,0,0,0,1.33718,0.345013,0,0,0,7.50446,3.39866,0,0,0,16.7129,5.788,0,0,0,8.54377,4.82155,0,0,0,0.822883,0.192864,0,0,0,0.580734,0,0,0,0,9.04521,0,0,0,0,19.8107,0,0,0,0,10.0267,0,0,0,0,1.19789,0,0,0,0,0.00428587,0,0,0,0,1.60504,0,0,0,0,6.40301,0,0,0,0,1.25575,0,0,0,0,0.0128576,0,0,0,0,0,0,0,0,0,0,0,0,0,0,0.0857174,0,0,0,0,0,0,0,0,0,0,0,0
0,0,0,0,0,0,0,0,0,0,0,0,0.356309,0.0155763,0,0,0,0,0,0,0,0,0,0,0,0,0,0.720406,0.0759346,0,0,0,7.14534,2.68104,0,0,0,16.2142,4.12176,0,0,0,6.8202,2.99644,0,0,0,0.800235,0.218069,0,0,0,0.451714,0,0,0,0,10.3291,0,0,0,0,26.1109,0,0,0,0,8.68748,0,0,0,0,1.54206,0,0,0,0,0,0,0,0,0,1.33957,0,0,0,0,7.97473,0,0,0,0,1.25584,0,0,0,0,0.0097352,0,0,0,0,0,0,0,0,0,0,0,0,0,0,0.136293,0,0,0,0,0,0,0,0,0,0,0,0
0,0,0,0,0,0,0,0.0041758,0.0104395,0,0,0,0.41758,0.0146153,0,0,0,0.0083516,0,0,0,0,0,0,0,0,0,1.31121,0.336152,0,0,0,7.36216,3.55775,0,0,0,14.4956,4.59965,0,0,0,7.20138,3.71225,0,0,0,1.2256,0.382086,0,0,0,0.937465,0,0,0,0,10.7254,0,0,0,0,19.0229,0,0,0,0,9.27455,0,0,0,0,2.10462,0,0,0,0,0,0,0,0,0,2.14011,0,0,0,0,8.76935,0,0,0,0,2.09209,0,0,0,0,0.137801,0,0,0,0,0,0,0,0,0,0,0,0,0,0,0.156593,0,0,0,0,0,0,0,0,0,0,0,0
0,0,0,0,0,0,0,0,0.0019111,0,0,0,0.441464,0.059244,0,0,0,0,0.0133777,0,0,0,0,0,0,0,0,0.55613,0.0515996,0,0,0,7.48402,3.07306,0,0,0,18.4216,5.55566,0,0,0,7.89874,4.13184,0,0,0,0.405153,0.0821771,0,0,0,0.259909,0,0,0,0,8.36889,0,0,0,0,27.7022,0,0,0,0,8.76068,0,0,0,0,0.529374,0,0,0,0,0,0,0,0,0,0.628752,0,0,0,0,5.0664,0,0,0,0,0.424264,0,0,0,0,0,0,0,0,0,0,0,0,0,0,0,0,0,0,0,0.0859993,0,0,0,0,0,0,0,0,0,0,0,0
0,0,0,0,0,0,0,0,0,0,0,0,0.348163,0.0515796,0,0,0,0,0.014737,0,0,0,0,0,0,0,0,0.582115,0.0442111,0,0,0,6.85245,2.47212,0,0,0,16.9601,3.93837,0,0,0,6.63877,2.70974,0,0,0,0.644747,0.156581,0,0,0,0.281846,0,0,0,0,9.81858,0,0,0,0,29.7176,0,0,0,0,7.84898,0,0,0,0,1.21765,0,0,0,0,0,0,0,0,0,1.06844,0,0,0,0,7.50637,0,0,0,0,0.99107,0,0,0,0,0.00184213,0,0,0,0,0,0,0,0,0,0,0,0,0,0,0.13816,0,0,0,0,0,0,0,0,0,0,0,0
0,0,0,0,0,0,0,0,0.0588408,0,0,0,0.435001,0.256377,0,0,0,0,0.159711,0,0,0,0,0,0,0,0,1.63913,0.435001,0,0,0,7.28985,3.85823,0,0,0,14.3058,5.26408,0,0,0,7.81311,4.72612,0,0,0,1.48783,0.468624,0,0,0,0.909935,0,0,0,0,9.77834,0,0,0,0,16.6831,0,0,0,0,9.7384,0,0,0,0,2.17289,0,0,0,0,0,0,0,0,0,2.07412,0,0,0,0,8.09472,0,0,0,0,2.1876,0,0,0,0,0.0798554,0,0,0,0,0,0,0,0,0,0,0,0,0,0,0.0861598,0,0,0,0,0,0,0,0,0,0,0,0
0,0,0,0,0,0,0,0,0.00542711,0,0,0,0.390751,0.126633,0,0,0,0,0.0397988,0,0,0,0,0,0,0,0,0.506529,0.0542711,0,0,0,6.9433,2.64302,0,0,0,18.8042,4.36168,0,0,0,6.98852,2.9162,0,0,0,0.464921,0.0651254,0,0,0,0.211657,0,0,0,0,8.54256,0,0,0,0,31.9641,0,0,0,0,7.28703,0,0,0,0,0.680199,0,0,0,0,0,0,0,0,0,0.568037,0,0,0,0,5.78546,0,0,0,0,0.522811,0,0,0,0,0,0,0,0,0,0,0,0,0,0,0,0,0,0,0,0.121206,0,0,0,0,0,0,0,0,0,0,0,0
0,0,0,0,0,0,0,0,0,0,0,0,0.496531,0.0142447,0,0,0,0.00203496,0,0,0,0,0,0,0,0,0,0.909628,0.156692,0,0,0,7.83078,3.46547,0,0,0,17.6524,6.36345,0,0,0,8.91348,4.96327,0,0,0,0.514845,0.113958,0,0,0,0.400888,0,0,0,0,8.4861,0,0,0,0,22.0361,0,0,0,0,9.75603,0,0,0,0,0.618628,0,0,0,0,0.00203496,0,0,0,0,1.01341,0,0,0,0,5.48427,0,0,0,0,0.718342,0,0,0,0,0.00203496,0,0,0,0,0,0,0,0,0,0,0,0,0,0,0.0895383,0,0,0,0,0,0,0,0,0,0,0,0
0,0,0,0,0,0,0,0.0119041,0.0158721,0,0,0,0.384897,0.00992004,0,0,0,0.00396802,0,0,0,0,0,0,0,0,0,0.999938,0.174593,0,0,0,7.39866,3.07725,0,0,0,15.014,4.1586,0,0,0,6.78954,3.16455,0,0,0,1.00986,0.353153,0,0,0,0.722178,0,0,0,0,10.4457,0,0,0,0,22.0936,0,0,0,0,8.93415,0,0,0,0,1.91456,0,0,0,0,0,0,0,0,0,2.12289,0,0,0,0,9.03333,0,0,0,0,1.8848,0,0,0,0,0.111104,0,0,0,0,0,0,0,0,0,0,0,0,0,0,0.168641,0,0,0,0,0,0,0,0,0,0,0,0
0,0,0,0,0,0,0,0,0.050435,0,0,0,0.424494,0.195435,0,0,0,0,0.119783,0,0,0,0,0,0,0,0,1.70217,0.458117,0,0,0,7.29826,4.01794,0,0,0,13.8476,5.12749,0,0,0,7.58195,4.53279,0,0,0,1.5971,0.569495,0,0,0,1.01501,0,0,0,0,10.2281,0,0,0,0,16.33,0,0,0,0,9.43363,0,0,0,0,2.31999,0,0,0,0,0,0,0,0,0,2.06992,0,0,0,0,8.56554,0,0,0,0,2.29267,0,0,0,0,0.11558,0,0,0,0,0,0,0,0,0,0,0,0,0,0,0.109276,0,0,0,0,0,0,0,0,0,0,0,0
0,0,0,0,0,0,0,0,0.005493,0,0,0,0.406481,0.148311,0,0,0,0,0.047606,0,0,0,0,0,0,0,0,0.470566,0.058592,0,0,0,7.14108,2.85458,0,0,0,19.0924,4.83212,0,0,0,7.35348,3.3746,0,0,0,0.382678,0.058592,0,0,0,0.194086,0,0,0,0,8.04013,0,0,0,0,31.344,0,0,0,0,7.64279,0,0,0,0,0.534651,0,0,0,0,0,0,0,0,0,0.494369,0,0,0,0,5.05917,0,0,0,0,0.358875,0,0,0,0,0,0,0,0,0,0,0,0,0,0,0,0,0,0,0,0.108029,0,0,0,0,0,0,0,0,0,0,0,0
0,0,0,0,0,0,0,0,0.003662,0,0,0,0.357044,0.104367,0,0,0,0,0.032958,0,0,0,0,0,0,0,0,0.457749,0.047606,0,0,0,6.71445,2.31625,0,0,0,18.4808,3.89645,0,0,0,6.67416,2.49386,0,0,0,0.466904,0.060423,0,0,0,0.184931,0,0,0,0,9.10214,0,0,0,0,32.7429,0,0,0,0,7.22714,0,0,0,0,0.774511,0,0,0,0,0,0,0,0,0,0.670144,0,0,0,0,6.43612,0,0,0,0,0.628031,0,0,0,0,0,0,0,0,0,0,0,0,0,0,0,0,0,0,0,0.130001,0,0,0,0,0,0,0,0,0,0,0,0
0,0,0,0,0,0,0,0,0,0,0,0,0.476096,0.0215517,0,0,0,0.00195925,0,0,0,0,0,0,0,0,0,0.711207,0.109718,0,0,0,7.95084,3.60702,0,0,0,17.8802,6.37946,0,0,0,8.45428,4.74734,0,0,0,0.4134,0.0862069,0,0,0,0.335031,0,0,0,0,8.46407,0,0,0,0,24.0545,0,0,0,0,9.51009,0,0,0,0,0.456504,0,0,0,0,0,0,0,0,0,0.724922,0,0,0,0,5.0628,0,0,0,0,0.468259,0,0,0,0,0,0,0,0,0,0,0,0,0,0,0,0,0,0,0,0.0803292,0,0,0,0,0,0,0,0,0,0,0,0
0,0,0,0,0,0,0,0,0,0,0,0,0.530243,0.00880069,0,0,0,0.00220017,0,0,0,0,0,0,0,0,0,1.19469,0.25962,0,0,0,7.83028,3.28481,0,0,0,17.3596,5.91837,0,0,0,9.04915,4.61809,0,0,0,0.569847,0.103408,0,0,0,0.49064,0,0,0,0,8.79833,0,0,0,0,20.4037,0,0,0,0,10.18,0,0,0,0,0.750262,0,0,0,0,0.00220017,0,0,0,0,1.40151,0,0,0,0,6.13178,0,0,0,0,1.01648,0,0,0,0,0.00220017,0,0,0,0,0,0,0,0,0,0,0,0,0,0,0.0946074,0,0,0,0,0,0,0,0,0,0,0,0
0,0,0,0,0,0,0,0.00389408,0,0,0,0,0.358256,0.0136293,0,0,0,0,0,0,0,0,0,0,0,0,0,0.621107,0.0311526,0,0,0,7.25437,2.4513,0,0,0,15.9922,3.77326,0,0,0,6.54569,2.60511,0,0,0,0.755453,0.227804,0,0,0,0.44782,0,0,0,0,10.5726,0,0,0,0,26.3465,0,0,0,0,8.50052,0,0,0,0,1.57905,0,0,0,0,0,0,0,0,0,1.58295,0,0,0,0,8.69332,0,0,0,0,1.45444,0,0,0,0,0.0369938,0,0,0,0,0,0,0,0,0,0,0,0,0,0,0.155763,0,0,0,0,0,0,0,0,0,0,0,0
0,0,0,0,0,0,0,0.0147102,0.0210146,0,0,0,0.426595,0.0126088,0,0,0,0.0168117,0,0,0,0,0,0,0,0,0,1.19153,0.258479,0,0,0,7.54833,3.47157,0,0,0,14.4046,4.44243,0,0,0,7.04399,3.49469,0,0,0,1.19363,0.466523,0,0,0,0.88892,0,0,0,0,10.6422,0,0,0,0,19.0477,0,0,0,0,9.15618,0,0,0,0,2.08253,0,0,0,0,0,0,0,0,0,2.36832,0,0,0,0,9.21083,0,0,0,0,2.24644,0,0,0,0,0.176522,0,0,0,0,0,0,0,0,0,0,0,0,0,0,0.176522,0,0,0,0,0,0,0,0,0,0,0,0
0,0,0,0,0,0,0,0,0.0542818,0,0,0,0.46031,0.234497,0,0,0,0,0.125934,0,0,0,0,0,0,0,0,1.54161,0.419055,0,0,0,7.46664,3.66512,0,0,0,15.1385,5.33468,0,0,0,8.25044,4.67469,0,0,0,1.2398,0.317005,0,0,0,0.838112,0,0,0,0,9.43392,0,0,0,0,17.0859,0,0,0,0,10.005,0,0,0,0,1.84558,0,0,0,0,0,0,0,0,0,1.99106,0,0,0,0,7.74454,0,0,0,0,2.00626,0,0,0,0,0.0455967,0,0,0,0,0,0,0,0,0,0,0,0,0,0,0.080337,0,0,0,0,0,0,0,0,0,0,0,0
0,0,0,0,0,0,0,0.00425795,0.0447084,0,0,0,0.43218,0.125609,0,0,0,0.0127738,0.0723851,0,0,0,0,0,0,0,0,1.56053,0.400246,0,0,0,7.32818,3.97701,0,0,0,13.7226,5.00322,0,0,0,7.47082,4.32405,0,0,0,1.69252,0.630174,0,0,0,0.992096,0,0,0,0,10.3084,0,0,0,0,16.2599,0,0,0,0,9.25897,0,0,0,0,2.39936,0,0,0,0,0,0,0,0,0,2.19497,0,0,0,0,8.93968,0,0,0,0,2.48452,0,0,0,0,0.20651,0,0,0,0,0,0,0,0,0,0,0,0,0,0,0.153286,0,0,0,0,0,0,0,0,0,0,0,0
0,0,0,0,0,0,0,0,0.00566305,0,0,0,0.441717,0.145351,0,0,0,0,0.0490798,0,0,0,0,0,0,0,0,0.396413,0.0490798,0,0,0,7.2358,2.95428,0,0,0,19.2561,5.33102,0,0,0,7.88898,3.7868,0,0,0,0.290703,0.0490798,0,0,0,0.15479,0,0,0,0,7.71342,0,0,0,0,29.9853,0,0,0,0,8.47219,0,0,0,0,0.347333,0,0,0,0,0,0,0,0,0,0.428503,0,0,0,0,4.6684,0,0,0,0,0.266163,0,0,0,0,0,0,0,0,0,0,0,0,0,0,0,0,0,0,0,0.0887211,0,0,0,0,0,0,0,0,0,0,0,0
0,0,0,0,0,0,0,0,0.00188768,0,0,0,0.356771,0.0849457,0,0,0,0,0.0264276,0,0,0,0,0,0,0,0,0.409627,0.0339783,0,0,0,6.64681,1.99339,0,0,0,18.193,3.43189,0,0,0,6.29946,2.12553,0,0,0,0.456818,0.0792827,0,0,0,0.145351,0,0,0,0,9.54042,0,0,0,0,33.15,0,0,0,0,7.27167,0,0,0,0,0.872108,0,0,0,0,0,0,0,0,0,0.832467,0,0,0,0,7.14141,0,0,0,0,0.773949,0,0,0,0,0,0,0,0,0,0,0,0,0,0,0,0,0,0,0,0.137801,0,0,0,0,0,0,0,0,0,0,0,0
0,0,0,0,0,0,0,0,0,0,0,0,0.34998,0.0365363,0,0,0,0,0.0134608,0,0,0,0,0,0,0,0,0.544199,0.0346134,0,0,0,7.1826,2.29412,0,0,0,16.8554,3.58643,0,0,0,6.18836,2.30373,0,0,0,0.596119,0.142299,0,0,0,0.319212,0,0,0,0,10.4243,0,0,0,0,29.4331,0,0,0,0,7.87106,0,0,0,0,1.24608,0,0,0,0,0,0,0,0,0,1.25377,0,0,0,0,8.06912,0,0,0,0,1.09994,0,0,0,0,0.00384593,0,0,0,0,0,0,0,0,0,0,0,0,0,0,0.148068,0,0,0,0,0,0,0,0,0,0,0,0
0,0,0,0,0,0,0,0,0.0622622,0,0,0,0.472733,0.267497,0,0,0,0,0.159115,0,0,0,0,0,0,0,0,1.6142,0.37588,0,0,0,7.27308,3.41286,0,0,0,13.9305,4.75033,0,0,0,8.00638,4.5059,0,0,0,1.61189,0.435836,0,0,0,0.993885,0,0,0,0,9.86962,0,0,0,0,15.5516,0,0,0,0,10.257,0,0,0,0,2.48125,0,0,0,0,0,0,0,0,0,2.28985,0,0,0,0,8.92186,0,0,0,0,2.57348,0,0,0,0,0.101464,0,0,0,0,0,0,0,0,0,0,0,0,0,0,0.0807102,0,0,0,0,0,0,0,0,0,0,0,0
0,0,0,0,0,0,0,0,0.0576502,0,0,0,0.491181,0.207541,0,0,0,0,0.0876283,0,0,0,0,0,0,0,0,1.43663,0.366656,0,0,0,7.68355,3.53277,0,0,0,15.9943,5.37987,0,0,0,8.87113,4.469,0,0,0,0.91087,0.186787,0,0,0,0.747145,0,0,0,0,9.06944,0,0,0,0,17.6638,0,0,0,0,10.1694,0,0,0,0,1.41127,0,0,0,0,0,0,0,0,0,1.89322,0,0,0,0,7.50368,0,0,0,0,1.75255,0,0,0,0,0.0184481,0,0,0,0,0,0,0,0,0,0,0,0,0,0,0.0945463,0,0,0,0,0,0,0,0,0,0,0,0
0,0,0,0,0,0,0,0,0.0607789,0,0,0,0.460518,0.280518,0,0,0,0,0.184674,0,0,0,0,0,0,0,0,1.52649,0.359999,0,0,0,7.26987,3.62574,0,0,0,13.5413,4.87164,0,0,0,7.83086,4.40883,0,0,0,1.77195,0.624153,0,0,0,0.970123,0,0,0,0,10.2782,0,0,0,0,15.1588,0,0,0,0,10.0234,0,0,0,0,2.57846,0,0,0,0,0,0,0,0,0,2.16001,0,0,0,0,9.02998,0,0,0,0,2.72573,0,0,0,0,0.156623,0,0,0,0,0,0,0,0,0,0,0,0,0,0,0.0981813,0,0,0,0,0,0,0,0,0,0,0,0
0,0,0,0,0,0,0,0,0.0639886,0,0,0,0.492949,0.244105,0,0,0,0,0.113758,0,0,0,0,0,0,0,0,1.72534,0.381562,0,0,0,7.56,3.26577,0,0,0,14.7004,4.67111,0,0,0,8.31125,4.2232,0,0,0,1.2703,0.282024,0,0,0,0.985896,0,0,0,0,9.57913,0,0,0,0,15.9162,0,0,0,0,10.3304,0,0,0,0,2.02395,0,0,0,0,0,0,0,0,0,2.41972,0,0,0,0,8.89898,0,0,0,0,2.38655,0,0,0,0,0.0616187,0,0,0,0,0,0,0,0,0,0,0,0,0,0,0.090058,0,0,0,0,0,0,0,0,0,0,0,0
0,0,0,0,0,0,0,0,0.00218565,0,0,0,0.49177,0.0349704,0,0,0,0.00218565,0,0,0,0,0,0,0,0,0,0.295062,0.0284134,0,0,0,7.66095,2.93532,0,0,0,19.6567,5.58879,0,0,0,8.64894,3.66531,0,0,0,0.172666,0.0262278,0,0,0,0.109282,0,0,0,0,8.09811,0,0,0,0,27.7902,0,0,0,0,9.14075,0,0,0,0,0.196708,0,0,0,0,0,0,0,0,0,0.365003,0,0,0,0,4.75162,0,0,0,0,0.262278,0,0,0,0,0,0,0,0,0,0,0,0,0,0,0,0,0,0,0,0.080869,0,0,0,0,0,0,0,0,0,0,0,0
0,0,0,0,0,0,0,0.0154012,0.0286022,0,0,0,0.446636,0.0462036,0,0,0,0.0242019,0.0352027,0,0,0,0,0,0,0,0,1.3465,0.334427,0,0,0,7.40125,3.89865,0,0,0,13.797,5.03172,0,0,0,7.38365,4.24627,0,0,0,1.70512,0.759063,0,0,0,0.869072,0,0,0,0,10.1228,0,0,0,0,16.2305,0,0,0,0,9.32196,0,0,0,0,2.42897,0,0,0,0,0,0,0,0,0,2.27936,0,0,0,0,9.25156,0,0,0,0,2.55877,0,0,0,0,0.25302,0,0,0,0,0,0,0,0,0,0,0,0,0,0,0.182614,0,0,0,0,0,0,0,0,0,0,0,0
0,0,0,0,0,0,0,0,0.00389408,0,0,0,0.406932,0.103193,0,0,0,0,0.0350467,0,0,0,0,0,0,0,0,0.24338,0.00778816,0,0,0,6.6625,1.78933,0,0,0,19.9727,3.60778,0,0,0,6.98569,2.32086,0,0,0,0.305686,0.0136293,0,0,0,0.0720405,0,0,0,0,7.78199,0,0,0,0,35.7974,0,0,0,0,6.9526,0,0,0,0,0.463396,0,0,0,0,0,0,0,0,0,0.399144,0,0,0,0,5.62869,0,0,0,0,0.325156,0,0,0,0,0,0,0,0,0,0,0,0,0,0,0,0,0,0,0,0.122663,0,0,0,0,0,0,0,0,0,0,0,0
0,0,0,0,0,0,0,0,0,0,0,0,0.539044,0.0154012,0,0,0,0.00220017,0,0,0,0,0,0,0,0,0,0.908675,0.13421,0,0,0,8.43531,3.66544,0,0,0,18.3237,6.67301,0,0,0,8.74993,4.64009,0,0,0,0.294823,0.0440034,0,0,0,0.413633,0,0,0,0,8.52552,0,0,0,0,22.1206,0,0,0,0,9.36156,0,0,0,0,0.297023,0,0,0,0,0.00440034,0,0,0,0,0.893274,0,0,0,0,5.31333,0,0,0,0,0.554445,0,0,0,0,0,0,0,0,0,0,0,0,0,0,0,0,0,0,0,0.0924072,0,0,0,0,0,0,0,0,0,0,0,0
0,0,0,0,0,0,0,0.0047727,0.0548861,0,0,0,0.474884,0.22193,0,0,0,0.0214772,0.145567,0,0,0,0,0,0,0,0,1.31965,0.336475,0,0,0,7.30251,3.69405,0,0,0,13.3228,4.8348,0,0,0,7.95882,4.44579,0,0,0,1.99259,0.734995,0,0,0,0.832834,0,0,0,0,10.0753,0,0,0,0,14.6017,0,0,0,0,9.78419,0,0,0,0,2.70849,0,0,0,0,0,0,0,0,0,2.27179,0,0,0,0,9.44297,0,0,0,0,2.94474,0,0,0,0,0.312612,0,0,0,0,0,0,0,0,0,0,0,0,0,0,0.159885,0,0,0,0,0,0,0,0,0,0,0,0
0,0,0,0,0,0,0,0,0.00394314,0,0,0,0.42586,0.118294,0,0,0,0,0.0433745,0,0,0,0,0,0,0,0,0.181385,0.00788628,0,0,0,6.65023,1.93018,0,0,0,20.3015,4.08699,0,0,0,7.51582,2.81143,0,0,0,0.258276,0.0177441,0,0,0,0.055204,0,0,0,0,7.33442,0,0,0,0,34.7183,0,0,0,0,7.62229,0,0,0,0,0.380513,0,0,0,0,0,0,0,0,0,0.30165,0,0,0,0,4.88751,0,0,0,0,0.23856,0,0,0,0,0,0,0,0,0,0,0,0,0,0,0,0,0,0,0,0.114351,0,0,0,0,0,0,0,0,0,0,0,0
0,0,0,0,0,0,0,0,0.00195925,0,0,0,0.368338,0.0901254,0,0,0,0,0.0274295,0,0,0,0,0,0,0,0,0.225314,0.00587774,0,0,0,6.27562,1.56347,0,0,0,19.5884,3.16421,0,0,0,6.41865,1.90045,0,0,0,0.321316,0.0195925,0,0,0,0.0431035,0,0,0,0,8.38376,0,0,0,0,36.8682,0,0,0,0,6.95942,0,0,0,0,0.558385,0,0,0,0,0,0,0,0,0,0.458463,0,0,0,0,6.17961,0,0,0,0,0.444748,0,0,0,0,0,0,0,0,0,0,0,0,0,0,0,0,0,0,0,0.13127,0,0,0,0,0,0,0,0,0,0,0,0
0,0,0,0,0,0,0,0,0,0,0,0,0.526673,0.0253818,0,0,0,0.00211515,0,0,0,0,0,0,0,0,0,0.613393,0.0613393,0,0,0,8.16899,3.73754,0,0,0,18.8827,7.15367,0,0,0,8.81625,5.00669,0,0,0,0.266509,0.0401878,0,0,0,0.251702,0,0,0,0,7.79247,0,0,0,0,23.6061,0,0,0,0,8.93894,0,0,0,0,0.228436,0,0,0,0,0,0,0,0,0,0.596472,0,0,0,0,4.82901,0,0,0,0,0.372267,0,0,0,0,0,0,0,0,0,0,0,0,0,0,0,0,0,0,0,0.0867211,0,0,0,0,0,0,0,0,0,0,0,0
0,0,0,0,0,0,0,0,0,0,0,0,0.569493,0.00961169,0,0,0,0.00240292,0,0,0,0,0,0,0,0,0,1.04046,0.197039,0,0,0,8.56874,3.30166,0,0,0,18.1289,6.1274,0,0,0,8.83069,4.20757,0,0,0,0.321992,0.0456555,0,0,0,0.456556,0,0,0,0,9.01334,0,0,0,0,20.9792,0,0,0,0,9.98185,0,0,0,0,0.358036,0,0,0,0,0.00480584,0,0,0,0,1.19184,0,0,0,0,5.83426,0,0,0,0,0.73289,0,0,0,0,0,0,0,0,0,0,0,0,0,0,0,0,0,0,0,0.0985198,0,0,0,0,0,0,0,0,0,0,0,0
0,0,0,0,0,0,0,0,0,0,0,0,0.358153,0.0447691,0,0,0,0,0.0183146,0,0,0,0,0,0,0,0,0.327629,0.0244195,0,0,0,6.66261,1.6422,0,0,0,18.1184,3.01779,0,0,0,5.86077,1.73173,0,0,0,0.429377,0.0773285,0,0,0,0.107853,0,0,0,0,10.1,0,0,0,0,33.031,0,0,0,0,7.53569,0,0,0,0,0.958467,0,0,0,0,0,0,0,0,0,1.00527,0,0,0,0,7.90812,0,0,0,0,0.889278,0,0,0,0,0,0,0,0,0,0,0,0,0,0,0,0,0,0,0,0.154657,0,0,0,0,0,0,0,0,0,0,0,0
0,0,0,0,0,0,0,0.013976,0.0419279,0,0,0,0.40131,0.0199657,0,0,0,0.0219622,0,0,0,0,0,0,0,0,0,1.18796,0.265543,0,0,0,7.96014,3.92718,0,0,0,14.9217,4.67188,0,0,0,6.50668,3.42006,0,0,0,0.986307,0.441242,0,0,0,0.906444,0,0,0,0,10.7699,0,0,0,0,20.8288,0,0,0,0,7.95016,0,0,0,0,1.6232,0,0,0,0,0,0,0,0,0,2.17424,0,0,0,0,8.77291,0,0,0,0,1.88474,0,0,0,0,0.125784,0,0,0,0,0,0,0,0,0,0,0,0,0,0,0.179691,0,0,0,0,0,0,0,0,0,0,0,0
0,0,0,0,0,0,0,0.0117555,0.0195925,0,0,0,0.382053,0.0176332,0,0,0,0.00979624,0,0,0,0,0,0,0,0,0,0.977667,0.193966,0,0,0,7.77058,3.43068,0,0,0,15.6041,4.32021,0,0,0,6.11887,2.9526,0,0,0,0.848356,0.338949,0,0,0,0.768026,0,0,0,0,10.7324,0,0,0,0,23.6099,0,0,0,0,7.69613,0,0,0,0,1.47139,0,0,0,0,0,0,0,0,0,2.00429,0,0,0,0,8.80883,0,0,0,0,1.64184,0,0,0,0,0.0940439,0,0,0,0,0,0,0,0,0,0,0,0,0,0,0.172414,0,0,0,0,0,0,0,0,0,0,0,0
0,0,0,0,0,0,0,0.0149028,0.0383215,0,0,0,0.419407,0.0212897,0,0,0,0.0234187,0.00425795,0,0,0,0,0,0,0,0,1.30718,0.374698,0,0,0,7.87961,4.3134,0,0,0,14.4613,5.0309,0,0,0,6.8832,3.90675,0,0,0,1.23267,0.570563,0,0,0,0.847327,0,0,0,0,10.5319,0,0,0,0,18.4439,0,0,0,0,8.38837,0,0,0,0,1.83729,0,0,0,0,0,0,0,0,0,2.18858,0,0,0,0,8.83112,0,0,0,0,2.09064,0,0,0,0,0.170318,0,0,0,0,0,0,0,0,0,0,0,0,0,0,0.18735,0,0,0,0,0,0,0,0,0,0,0,0
0,0,0,0,0,0,0,0,0.0635485,0,0,0,0.521097,0.205897,0,0,0,0,0.0737163,0,0,0,0,0,0,0,0,1.68276,0.345704,0,0,0,7.89289,3.08848,0,0,0,15.6421,4.63657,0,0,0,8.74179,3.8155,0,0,0,0.935437,0.149975,0,0,0,0.869346,0,0,0,0,9.24501,0,0,0,0,16.6488,0,0,0,0,10.498,0,0,0,0,1.52007,0,0,0,0,0,0,0,0,0,2.4911,0,0,0,0,8.65538,0,0,0,0,2.14031,0,0,0,0,0.0381291,0,0,0,0,0,0,0,0,0,0,0,0,0,0,0.0965938,0,0,0,0,0,0,0,0,0,0,0,0
0,0,0,0,0,0,0,0,0.0617742,0,0,0,0.543613,0.185322,0,0,0,0,0.0444774,0,0,0,0,0,0,0,0,1.49741,0.380529,0,0,0,8.08501,3.4643,0,0,0,16.8591,5.3373,0,0,0,9.16977,3.99803,0,0,0,0.588091,0.0864838,0,0,0,0.654807,0,0,0,0,8.90043,0,0,0,0,18.2225,0,0,0,0,10.3657,0,0,0,0,0.884607,0,0,0,0,0,0,0,0,0,1.88288,0,0,0,0,7.33137,0,0,0,0,1.35409,0,0,0,0,0.00494193,0,0,0,0,0,0,0,0,0,0,0,0,0,0,0.0963676,0,0,0,0,0,0,0,0,0,0,0,0
0,0,0,0,0,0,0,0,0.00409601,0,0,0,0.460802,0.131072,0,0,0,0,0.0532481,0,0,0,0,0,0,0,0,0.129024,0.00819202,0,0,0,6.69291,2.03163,0,0,0,20.6883,4.62237,0,0,0,8.17768,3.31983,0,0,0,0.180224,0.016384,0,0,0,0.0471041,0,0,0,0,6.87723,0,0,0,0,32.9567,0,0,0,0,8.39063,0,0,0,0,0.231424,0,0,0,0,0,0,0,0,0,0.217088,0,0,0,0,4.4831,0,0,0,0,0.192512,0,0,0,0,0,0,0,0,0,0,0,0,0,0,0,0,0,0,0,0.0901123,0,0,0,0,0,0,0,0,0,0,0,0
0,0,0,0,0,0,0,0,0.00202204,0,0,0,0.374077,0.0707714,0,0,0,0,0.0181984,0,0,0,0,0,0,0,0,0.234557,0,0,0,0,6.23013,1.32847,0,0,0,19.2529,2.80455,0,0,0,5.87826,1.53674,0,0,0,0.303306,0.0343747,0,0,0,0.0566171,0,0,0,0,9.0469,0,0,0,0,36.9698,0,0,0,0,6.89748,0,0,0,0,0.638963,0,0,0,0,0,0,0,0,0,0.622786,0,0,0,0,6.98039,0,0,0,0,0.568192,0,0,0,0,0,0,0,0,0,0,0,0,0,0,0,0,0,0,0,0.147609,0,0,0,0,0,0,0,0,0,0,0,0
0,0,0,0,0,0,0,0,0.0263505,0,0,0,0.608695,0.0790514,0,0,0,0.00263505,0.00527009,0,0,0,0,0,0,0,0,1.27009,0.274045,0,0,0,8.73242,3.20682,0,0,0,18.1586,5.56778,0,0,0,9.02227,3.73118,0,0,0,0.332015,0.0289855,0,0,0,0.453227,0,0,0,0,9.11449,0,0,0,0,19.8245,0,0,0,0,10.1053,0,0,0,0,0.429512,0,0,0,0,0.00263505,0,0,0,0,1.46508,0,0,0,0,6.52428,0,0,0,0,0.922267,0,0,0,0,0.00263505,0,0,0,0,0,0,0,0,0,0,0,0,0,0,0.110672,0,0,0,0,0,0,0,0,0,0,0,0
0,0,0,0,0,0,0,0,0.00229043,0,0,0,0.513056,0.0687128,0,0,0,0.00229043,0.0137426,0,0,0,0,0,0,0,0,0.0916171,0.0091617,0,0,0,7.1505,2.06136,0,0,0,20.9451,5.07782,0,0,0,8.94167,3.37381,0,0,0,0.0939075,0.00687128,0,0,0,0.0274851,0,0,0,0,7.27875,0,0,0,0,30.2133,0,0,0,0,8.92105,0,0,0,0,0.132845,0,0,0,0,0,0,0,0,0,0.196977,0,0,0,0,4.58542,0,0,0,0,0.206138,0,0,0,0,0,0,0,0,0,0,0,0,0,0,0,0,0,0,0,0.0893267,0,0,0,0,0,0,0,0,0,0,0,0
0,0,0,0,0,0,0,0.0172968,0.0518903,0,0,0,0.471955,0.172968,0,0,0,0.0271806,0.108722,0,0,0,0,0,0,0,0,1.20583,0.323697,0,0,0,7.42032,3.85965,0,0,0,13.5088,4.94441,0,0,0,7.83792,4.35632,0,0,0,1.96936,0.822833,0,0,0,0.778355,0,0,0,0,10.0494,0,0,0,0,14.643,0,0,0,0,9.68373,0,0,0,0,2.66618,0,0,0,0,0,0,0,0,0,2.22387,0,0,0,0,9.52065,0,0,0,0,2.84656,0,0,0,0,0.296516,0,0,0,0,0,0,0,0,0,0,0,0,0,0,0.192735,0,0,0,0,0,0,0,0,0,0,0,0
0,0,0,0,0,0,0,0,0.0632411,0,0,0,0.513833,0.26087,0,0,0,0,0.144928,0,0,0,0,0,0,0,0,1.37022,0.268775,0,0,0,7.25945,2.87744,0,0,0,13.7099,4.16332,0,0,0,8.38196,4.01049,0,0,0,1.67588,0.389986,0,0,0,0.935443,0,0,0,0,9.93925,0,0,0,0,14.8641,0,0,0,0,10.9722,0,0,0,0,2.74042,0,0,0,0,0,0,0,0,0,2.4453,0,0,0,0,9.71,0,0,0,0,3.06189,0,0,0,0,0.152833,0,0,0,0,0,0,0,0,0,0,0,0,0,0,0.0869565,0,0,0,0,0,0,0,0,0,0,0,0
0,0,0,0,0,0,0,0,0.062405,0,0,0,0.49924,0.301172,0,0,0,0,0.195355,0,0,0,0,0,0,0,0,1.2481,0.271326,0,0,0,7.26055,3.17447,0,0,0,13.4629,4.40898,0,0,0,8.28072,4.16208,0,0,0,1.91012,0.575212,0,0,0,0.808552,0,0,0,0,10.1827,0,0,0,0,14.3719,0,0,0,0,10.7904,0,0,0,0,2.88416,0,0,0,0,0,0,0,0,0,2.20586,0,0,0,0,9.58034,0,0,0,0,3.08493,0,0,0,0,0.181789,0,0,0,0,0,0,0,0,0,0,0,0,0,0,0.0949642,0,0,0,0,0,0,0,0,0,0,0,0
0,0,0,0,0,0,0,0.00401849,0,0,0,0,0.367691,0.0442033,0,0,0,0,0.0100462,0,0,0,0,0,0,0,0,0.614827,0.0381756,0,0,0,7.50671,2.67026,0,0,0,16.7194,3.80945,0,0,0,5.76859,2.2845,0,0,0,0.671085,0.223026,0,0,0,0.42395,0,0,0,0,10.8443,0,0,0,0,27.322,0,0,0,0,7.56699,0,0,0,0,1.26582,0,0,0,0,0,0,0,0,0,1.521,0,0,0,0,8.76258,0,0,0,0,1.35624,0,0,0,0,0.0341571,0,0,0,0,0,0,0,0,0,0,0,0,0,0,0.168776,0,0,0,0,0,0,0,0,0,0,0,0
0,0,0,0,0,0,0,0,0.00241967,0,0,0,0.539587,0.0387147,0,0,0,0.00241967,0,0,0,0,0,0,0,0,0,0.193573,0.0193573,0,0,0,7.86124,3.11657,0,0,0,20.7444,6.35391,0,0,0,8.95,3.97072,0,0,0,0.106465,0.007259,0,0,0,0.0629113,0,0,0,0,7.45961,0,0,0,0,26.8221,0,0,0,0,8.63063,0,0,0,0,0.07259,0,0,0,0,0,0,0,0,0,0.237127,0,0,0,0,4.51511,0,0,0,0,0.208091,0,0,0,0,0,0,0,0,0,0,0,0,0,0,0,0,0,0,0,0.087108,0,0,0,0,0,0,0,0,0,0,0,0
0,0,0,0,0,0,0,0.0165896,0.0260694,0,0,0,0.45029,0.0165896,0,0,0,0.0260694,0.0047399,0,0,0,0,0,0,0,0,1.23001,0.322313,0,0,0,7.76855,4.15922,0,0,0,14.2312,5.15457,0,0,0,7.24243,4.16396,0,0,0,1.50256,0.710983,0,0,0,0.803411,0,0,0,0,10.3896,0,0,0,0,16.6274,0,0,0,0,9.06961,0,0,0,0,2.1069,0,0,0,0,0,0,0,0,0,2.16615,0,0,0,0,9.07909,0,0,0,0,2.3273,0,0,0,0,0.206186,0,0,0,0,0,0,0,0,0,0,0,0,0,0,0.196706,0,0,0,0,0,0,0,0,0,0,0,0
0,0,0,0,0,0,0,0,0.0628673,0,0,0,0.530271,0.221402,0,0,0,0,0.101134,0,0,0,0,0,0,0,0,1.47054,0.254203,0,0,0,7.59864,2.71152,0,0,0,14.4263,4.03178,0,0,0,8.65367,3.7147,0,0,0,1.28468,0.221402,0,0,0,0.907473,0,0,0,0,9.6513,0,0,0,0,15.402,0,0,0,0,10.9223,0,0,0,0,2.26869,0,0,0,0,0,0,0,0,0,2.60491,0,0,0,0,9.87269,0,0,0,0,2.87826,0,0,0,0,0.106601,0,0,0,0,0,0,0,0,0,0,0,0,0,0,0.101134,0,0,0,0,0,0,0,0,0,0,0,0
0,0,0,0,0,0,0,0,0.0569785,0,0,0,0.512807,0.314738,0,0,0,0.0244194,0.225201,0,0,0,0,0,0,0,0,1.09616,0.25776,0,0,0,7.16017,3.31827,0,0,0,13.1048,4.56363,0,0,0,8.37025,4.24619,0,0,0,2.22756,0.759714,0,0,0,0.713588,0,0,0,0,10.0117,0,0,0,0,13.737,0,0,0,0,10.4431,0,0,0,0,2.95741,0,0,0,0,0,0,0,0,0,2.2357,0,0,0,0,9.81911,0,0,0,0,3.32641,0,0,0,0,0.358151,0,0,0,0,0,0,0,0,0,0,0,0,0,0,0.157369,0,0,0,0,0,0,0,0,0,0,0,0
0,0,0,0,0,0,0,0,0.00215703,0,0,0,0.437878,0.0927524,0,0,0,0,0.0301985,0,0,0,0,0,0,0,0,0.00215703,0,0,0,0,5.97722,1.0138,0,0,0,21.4099,2.82998,0,0,0,6.86815,1.66952,0,0,0,0.176877,0.00431406,0,0,0,0.00215703,0,0,0,0,7.0774,0,0,0,0,39.5044,0,0,0,0,6.60712,0,0,0,0,0.280414,0,0,0,0,0,0,0,0,0,0.183348,0,0,0,0,5.45733,0,0,0,0,0.232959,0,0,0,0,0,0,0,0,0,0,0,0,0,0,0,0,0,0,0,0.13805,0,0,0,0,0,0,0,0,0,0,0,0
0,0,0,0,0,0,0,0,0,0,0,0,0.386109,0.0388266,0,0,0,0,0.0064711,0,0,0,0,0,0,0,0,0.187662,0,0,0,0,6.32237,1.10224,0,0,0,19.2807,2.42447,0,0,0,5.32358,1.18205,0,0,0,0.271786,0.0258844,0,0,0,0.0711821,0,0,0,0,9.73939,0,0,0,0,36.5818,0,0,0,0,6.99326,0,0,0,0,0.675151,0,0,0,0,0,0,0,0,0,0.761432,0,0,0,0,7.80438,0,0,0,0,0.657895,0,0,0,0,0,0,0,0,0,0,0,0,0,0,0,0,0,0,0,0.163934,0,0,0,0,0,0,0,0,0,0,0,0
0,0,0,0,0,0,0,0,0.0624202,0,0,0,0.641226,0.144701,0,0,0,0.00283728,0.00567456,0,0,0,0,0,0,0,0,1.45269,0.266705,0,0,0,8.98827,3.02168,0,0,0,17.7529,4.91408,0,0,0,9.04785,3.1153,0,0,0,0.303589,0.0141864,0,0,0,0.516385,0,0,0,0,9.26348,0,0,0,0,18.908,0,0,0,0,10.3586,0,0,0,0,0.456802,0,0,0,0,0.00851185,0,0,0,0,1.92652,0,0,0,0,7.49024,0,0,0,0,1.21436,0,0,0,0,0.00283728,0,0,0,0,0,0,0,0,0,0,0,0,0,0,0.119166,0,0,0,0,0,0,0,0,0,0,0,0
0,0,0,0,0,0,0,0,0.068334,0,0,0,0.549404,0.169468,0,0,0,0,0.0328003,0,0,0,0,0,0,0,0,1.67828,0.330736,0,0,0,8.19722,2.9794,0,0,0,16.6128,4.60849,0,0,0,9.01446,3.39215,0,0,0,0.587671,0.0628673,0,0,0,0.765339,0,0,0,0,9.10192,0,0,0,0,17.5039,0,0,0,0,10.6189,0,0,0,0,0.964874,0,0,0,0,0,0,0,0,0,2.50104,0,0,0,0,8.37488,0,0,0,0,1.76301,0,0,0,0,0.0164002,0,0,0,0,0,0,0,0,0,0,0,0,0,0,0.103868,0,0,0,0,0,0,0,0,0,0,0,0
0,0,0,0,0,0,0,0,0.00215703,0,0,0,0.457291,0.103538,0,0,0,0,0.0388266,0,0,0,0,0,0,0,0,0.00215703,0,0,0,0,6.11528,1.11087,0,0,0,21.5588,3.25706,0,0,0,7.44196,2.12465,0,0,0,0.157463,0.00215703,0,0,0,0.00215703,0,0,0,0,6.71283,0,0,0,0,37.8729,0,0,0,0,7.42255,0,0,0,0,0.21786,0,0,0,0,0,0,0,0,0,0.15962,0,0,0,0,4.91587,0,0,0,0,0.191976,0,0,0,0,0,0,0,0,0,0,0,0,0,0,0,0,0,0,0,0.131579,0,0,0,0,0,0,0,0,0,0,0,0
0,0,0,0,0,0,0,0,0.00215703,0,0,0,0.381795,0.064711,0,0,0,0,0.0194133,0,0,0,0,0,0,0,0,0.00215703,0,0,0,0,5.7162,0.90164,0,0,0,20.8167,2.41368,0,0,0,6.07429,1.26401,0,0,0,0.185505,0.00215703,0,0,0,0.00215703,0,0,0,0,7.59944,0,0,0,0,40.8364,0,0,0,0,6.57908,0,0,0,0,0.325712,0,0,0,0,0,0,0,0,0,0.230802,0,0,0,0,6.11959,0,0,0,0,0.317084,0,0,0,0,0,0,0,0,0,0,0,0,0,0,0,0,0,0,0,0.142364,0,0,0,0,0,0,0,0,0,0,0,0
0,0,0,0,0,0,0,0,0,0,0,0,0.615911,0.010853,0,0,0,0.00271326,0,0,0,0,0,0,0,0,0,1.01476,0.151943,0,0,0,9.24119,3.47021,0,0,0,19.2215,6.43845,0,0,0,8.67956,3.77409,0,0,0,0.130237,0.00813979,0,0,0,0.442262,0,0,0,0,8.87762,0,0,0,0,21.1078,0,0,0,0,9.23034,0,0,0,0,0.127523,0,0,0,0,0.00542652,0,0,0,0,1.05546,0,0,0,0,5.67062,0,0,0,0,0.613197,0,0,0,0,0,0,0,0,0,0,0,0,0,0,0,0,0,0,0,0.111244,0,0,0,0,0,0,0,0,0,0,0,0
0,0,0,0,0,0,0,0,0,0,0,0,0.641607,0.0192758,0,0,0,0.00275368,0,0,0,0,0,0,0,0,0,0.410299,0.0413052,0,0,0,8.49241,3.38157,0,0,0,20.5257,7.03026,0,0,0,8.98249,4.41972,0,0,0,0.126669,0.00826105,0,0,0,0.17899,0,0,0,0,7.94175,0,0,0,0,23.0954,0,0,0,0,8.96047,0,0,0,0,0.0826105,0,0,0,0,0,0,0,0,0,0.404791,0,0,0,0,4.8438,0,0,0,0,0.311166,0,0,0,0,0,0,0,0,0,0,0,0,0,0,0,0,0,0,0,0.0991326,0,0,0,0,0,0,0,0,0,0,0,0
0,0,0,0,0,0,0,0.0158181,0.0248571,0,0,0,0.41805,0.0180779,0,0,0,0.0248571,0,0,0,0,0,0,0,0,0,1.11179,0.201116,0,0,0,8.34978,3.82799,0,0,0,15.5983,4.48105,0,0,0,6.17585,2.95573,0,0,0,0.84514,0.350258,0,0,0,0.836101,0,0,0,0,11.2677,0,0,0,0,21.2126,0,0,0,0,7.77122,0,0,0,0,1.38748,0,0,0,0,0,0,0,0,0,2.11285,0,0,0,0,8.98264,0,0,0,0,1.74451,0,0,0,0,0.0949088,0,0,0,0,0,0,0,0,0,0,0,0,0,0,0.196597,0,0,0,0,0,0,0,0,0,0,0,0
0,0,0,0,0,0,0,0,0.0576103,0,0,0,0.547298,0.175711,0,0,0,0,0.0576103,0,0,0,0,0,0,0,0,1.54109,0.230441,0,0,0,7.97629,2.48591,0,0,0,15.3868,3.85995,0,0,0,8.81152,3.15421,0,0,0,0.892959,0.10946,0,0,0,0.875676,0,0,0,0,9.54882,0,0,0,0,16.199,0,0,0,0,10.9716,0,0,0,0,1.64767,0,0,0,0,0,0,0,0,0,2.77973,0,0,0,0,9.89443,0,0,0,0,2.62706,0,0,0,0,0.0604909,0,0,0,0,0,0,0,0,0,0,0,0,0,0,0.106579,0,0,0,0,0,0,0,0,0,0,0,0
0,0,0,0,0,0,0,0,0,0,0,0,0.369856,0.0357248,0,0,0,0,0.00630437,0,0,0,0,0,0,0,0,0.535871,0.0441306,0,0,0,7.47057,2.39564,0,0,0,17.7613,3.28454,0,0,0,5.16111,1.71058,0,0,0,0.456015,0.119783,0,0,0,0.287899,0,0,0,0,10.6506,0,0,0,0,30.728,0,0,0,0,7.18898,0,0,0,0,0.933051,0,0,0,0,0,0,0,0,0,1.18732,0,0,0,0,8.52981,0,0,0,0,0.981385,0,0,0,0,0.00420292,0,0,0,0,0,0,0,0,0,0,0,0,0,0,0.163914,0,0,0,0,0,0,0,0,0,0,0,0
0,0,0,0,0,0,0,0,0.00250608,0,0,0,0.553843,0.0551337,0,0,0,0.00250608,0,0,0,0,0,0,0,0,0,0.0426033,0.0100243,0,0,0,7.43821,2.1953,0,0,0,21.9043,5.79912,0,0,0,9.24773,3.74903,0,0,0,0.0426033,0.00501215,0,0,0,0.0125304,0,0,0,0,6.81415,0,0,0,0,28.8216,0,0,0,0,8.45325,0,0,0,0,0.0275669,0,0,0,0,0,0,0,0,0,0.137834,0,0,0,0,4.4282,0,0,0,0,0.175425,0,0,0,0,0,0,0,0,0,0,0,0,0,0,0,0,0,0,0,0.0852066,0,0,0,0,0,0,0,0,0,0,0,0
0,0,0,0,0,0,0,0,0,0,0,0,0.605175,0.0212342,0,0,0,0.00265428,0,0,0,0,0,0,0,0,0,0.281354,0.0291971,0,0,0,8.24921,3.48775,0,0,0,21.0304,7.24597,0,0,0,9.03747,4.50165,0,0,0,0.095554,0.00530856,0,0,0,0.103517,0,0,0,0,7.40787,0,0,0,0,24.4341,0,0,0,0,8.43234,0,0,0,0,0.0318514,0,0,0,0,0,0,0,0,0,0.228268,0,0,0,0,4.47777,0,0,0,0,0.20438,0,0,0,0,0,0,0,0,0,0,0,0,0,0,0,0,0,0,0,0.0875912,0,0,0,0,0,0,0,0,0,0,0,0
0,0,0,0,0,0,0,0.0152995,0.0218565,0,0,0,0.408716,0.0131139,0,0,0,0.0152995,0,0,0,0,0,0,0,0,0,0.928899,0.133325,0,0,0,8.25112,3.28283,0,0,0,16.107,4.10025,0,0,0,5.70683,2.46542,0,0,0,0.71252,0.260092,0,0,0,0.782461,0,0,0,0,11.5801,0,0,0,0,23.565,0,0,0,0,7.42051,0,0,0,0,1.22615,0,0,0,0,0,0,0,0,0,2.09606,0,0,0,0,9.02272,0,0,0,0,1.61302,0,0,0,0,0.0852403,0,0,0,0,0,0,0,0,0,0,0,0,0,0,0.190151,0,0,0,0,0,0,0,0,0,0,0,0
0,0,0,0,0,0,0,0.0184453,0.0421607,0,0,0,0.476942,0.129117,0,0,0,0.0289855,0.0764164,0,0,0,0,0,0,0,0,1.1357,0.30303,0,0,0,7.71003,4.10535,0,0,0,13.955,5.18043,0,0,0,7.63362,4.31615,0,0,0,1.7602,0.84058,0,0,0,0.716733,0,0,0,0,10.2475,0,0,0,0,15.0037,0,0,0,0,9.62305,0,0,0,0,2.32409,0,0,0,0,0,0,0,0,0,2.09748,0,0,0,0,9.30421,0,0,0,0,2.53226,0,0,0,0,0.231884,0,0,0,0,0,0,0,0,0,0,0,0,0,0,0.205534,0,0,0,0,0,0,0,0,0,0,0,0
0,0,0,0,0,0,0,0.016476,0.0517818,0,0,0,0.42367,0.0258909,0,0,0,0.0258909,0.00470743,0,0,0,0,0,0,0,0,1.20275,0.362473,0,0,0,8.28729,4.47199,0,0,0,14.9576,5.00157,0,0,0,6.60912,3.59172,0,0,0,1.04741,0.475452,0,0,0,0.78379,0,0,0,0,10.9705,0,0,0,0,19.0012,0,0,0,0,8.06369,0,0,0,0,1.55344,0,0,0,0,0,0,0,0,0,2.08537,0,0,0,0,8.77215,0,0,0,0,1.88296,0,0,0,0,0.129454,0,0,0,0,0,0,0,0,0,0,0,0,0,0,0.200066,0,0,0,0,0,0,0,0,0,0,0,0
0,0,0,0,0,0,0,0,0.00236995,0,0,0,0.547457,0.113758,0,0,0,0.00236995,0.0592487,0,0,0,0,0,0,0,0,0.00236995,0,0,0,0,6.5054,1.36273,0,0,0,22.3625,4.51944,0,0,0,9.24498,3.2397,0,0,0,0.0568788,0.00236995,0,0,0,0.00236995,0,0,0,0,6.38928,0,0,0,0,32.0378,0,0,0,0,8.6454,0,0,0,0,0.0497689,0,0,0,0,0,0,0,0,0,0.118497,0,0,0,0,4.47915,0,0,0,0,0.158787,0,0,0,0,0,0,0,0,0,0,0,0,0,0,0,0,0,0,0,0.104278,0,0,0,0,0,0,0,0,0,0,0,0
0,0,0,0,0,0,0,0.0140801,0.0563206,0,0,0,0.520964,0.256258,0,0,0,0.0309763,0.17741,0,0,0,0,0,0,0,0,1.01095,0.250626,0,0,0,7.26271,3.54818,0,0,0,13.2049,4.72813,0,0,0,8.29062,4.29161,0,0,0,2.19088,0.864519,0,0,0,0.673029,0,0,0,0,10.0845,0,0,0,0,13.5541,0,0,0,0,10.2986,0,0,0,0,2.93148,0,0,0,0,0,0,0,0,0,2.13175,0,0,0,0,9.92402,0,0,0,0,3.16802,0,0,0,0,0.337923,0,0,0,0,0,0,0,0,0,0,0,0,0,0,0.199938,0,0,0,0,0,0,0,0,0,0,0,0
0,0,0,0,0,0,0,0,0.00222965,0,0,0,0.488295,0.113712,0,0,0,0,0.0468227,0,0,0,0,0,0,0,0,0.00222965,0,0,0,0,6.20075,1.22185,0,0,0,22.0026,3.79937,0,0,0,8.09599,2.66446,0,0,0,0.102564,0,0,0,0,0.00222965,0,0,0,0,6.30331,0,0,0,0,35.79,0,0,0,0,8.19409,0,0,0,0,0.115942,0,0,0,0,0,0,0,0,0,0.13155,0,0,0,0,4.46605,0,0,0,0,0.156076,0,0,0,0,0,0,0,0,0,0,0,0,0,0,0,0,0,0,0,0.0981048,0,0,0,0,0,0,0,0,0,0,0,0
0,0,0,0,0,0,0,0,0.00224462,0,0,0,0.38383,0.0269354,0,0,0,0,0.00673386,0,0,0,0,0,0,0,0,0,0,0,0,0,5.61824,0.792347,0,0,0,20.6275,2.11217,0,0,0,5.40501,0.936001,0,0,0,0.166102,0.00897847,0,0,0,0,0,0,0,0,8.41045,0,0,0,0,41.2148,0,0,0,0,6.36116,0,0,0,0,0.334448,0,0,0,0,0,0,0,0,0,0.341182,0,0,0,0,6.70681,0,0,0,0,0.395053,0,0,0,0,0,0,0,0,0,0,0,0,0,0,0,0,0,0,0,0.148145,0,0,0,0,0,0,0,0,0,0,0,0
0,0,0,0,0,0,0,0,0.02673,0,0,0,0.65043,0.10098,0,0,0,0.00297,0.00297,0,0,0,0,0,0,0,0,1.07811,0.18711,0,0,0,9.41505,3.23431,0,0,0,19.2865,5.79755,0,0,0,8.8211,3.26401,0,0,0,0.13959,0.00891001,0,0,0,0.368281,0,0,0,0,9.10026,0,0,0,0,20.4803,0,0,0,0,9.64966,0,0,0,0,0.15444,0,0,0,0,0.00594001,0,0,0,0,1.25631,0,0,0,0,6.12724,0,0,0,0,0.71874,0,0,0,0,0,0,0,0,0,0,0,0,0,0,0,0,0,0,0,0.12177,0,0,0,0,0,0,0,0,0,0,0,0
0,0,0,0,0,0,0,0.013289,0,0,0,0,0.392027,0.013289,0,0,0,0,0.00221484,0,0,0,0,0,0,0,0,0.57143,0.0287929,0,0,0,8.04446,2.66002,0,0,0,17.0661,3.57921,0,0,0,5.32899,1.86709,0,0,0,0.555926,0.150609,0,0,0,0.442968,0,0,0,0,11.5898,0,0,0,0,26.8494,0,0,0,0,7.22052,0,0,0,0,1.01661,0,0,0,0,0,0,0,0,0,1.87152,0,0,0,0,9.07195,0,0,0,0,1.41085,0,0,0,0,0.0531561,0,0,0,0,0,0,0,0,0,0,0,0,0,0,0.194906,0,0,0,0,0,0,0,0,0,0,0,0
0,0,0,0,0,0,0,0,0.00267373,0,0,0,0.601588,0.0454533,0,0,0,0.00267373,0,0,0,0,0,0,0,0,0,0.11497,0.0133686,0,0,0,8.09049,3.2325,0,0,0,21.8488,7.16808,0,0,0,9.07189,4.25382,0,0,0,0.0508008,0,0,0,0,0.0320847,0,0,0,0,6.91408,0,0,0,0,25.8385,0,0,0,0,8.06108,0,0,0,0,0.00534745,0,0,0,0,0,0,0,0,0,0.141707,0,0,0,0,4.26184,0,0,0,0,0.168445,0,0,0,0,0,0,0,0,0,0,0,0,0,0,0,0,0,0,0,0.0828855,0,0,0,0,0,0,0,0,0,0,0,0
0,0,0,0,0,0,0,0.0180501,0.0412573,0,0,0,0.448674,0.0206287,0,0,0,0.0283644,0.00515716,0,0,0,0,0,0,0,0,1.11652,0.304273,0,0,0,8.14593,4.50991,0,0,0,14.5773,5.30416,0,0,0,7.02418,4.01737,0,0,0,1.26866,0.621438,0,0,0,0.737473,0,0,0,0,10.8252,0,0,0,0,17.1586,0,0,0,0,8.71325,0,0,0,0,1.7586,0,0,0,0,0,0,0,0,0,2.02419,0,0,0,0,8.91697,0,0,0,0,2.05514,0,0,0,0,0.152136,0,0,0,0,0,0,0,0,0,0,0,0,0,0,0.208865,0,0,0,0,0,0,0,0,0,0,0,0
0,0,0,0,0,0,0,0,0.0555813,0,0,0,0.580516,0.145129,0,0,0,0,0.0154392,0,0,0,0,0,0,0,0,1.54393,0.20071,0,0,0,8.34044,2.29737,0,0,0,16.4156,3.73317,0,0,0,8.91481,2.67407,0,0,0,0.552725,0.0339663,0,0,0,0.79358,0,0,0,0,9.36875,0,0,0,0,17.237,0,0,0,0,11.0332,0,0,0,0,1.02517,0,0,0,0,0,0,0,0,0,2.918,0,0,0,0,9.73622,0,0,0,0,2.24796,0,0,0,0,0.0247028,0,0,0,0,0,0,0,0,0,0,0,0,0,0,0.11425,0,0,0,0,0,0,0,0,0,0,0,0
0,0,0,0,0,0,0,0,0,0,0,0,0.39585,0.025025,0,0,0,0,0.002275,0,0,0,0,0,0,0,0,0.27755,0.011375,0,0,0,6.93417,1.44007,0,0,0,19.1987,2.55709,0,0,0,4.78886,1.12157,0,0,0,0.3003,0.0364,0,0,0,0.10465,0,0,0,0,10.2334,0,0,0,0,34.6446,0,0,0,0,6.88412,0,0,0,0,0.709798,0,0,0,0,0,0,0,0,0,0.935022,0,0,0,0,8.44258,0,0,0,0,0.787148,0,0,0,0,0,0,0,0,0,0,0,0,0,0,0,0,0,0,0,0.175175,0,0,0,0,0,0,0,0,0,0,0,0
0,0,0,0,0,0,0,0,0,0,0,0,0.388975,0.0047727,0,0,0,0,0,0,0,0,0,0,0,0,0,0,0,0,0,0,5.69396,0.656246,0,0,0,20.7292,1.76112,0,0,0,4.70115,0.661019,0,0,0,0.147954,0.0095454,0,0,0,0,0,0,0,0,9.03495,0,0,0,0,40.8677,0,0,0,0,6.26196,0,0,0,0,0.343635,0,0,0,0,0,0,0,0,0,0.498748,0,0,0,0,7.60083,0,0,0,0,0.482044,0,0,0,0,0,0,0,0,0,0,0,0,0,0,0,0,0,0,0,0.159885,0,0,0,0,0,0,0,0,0,0,0,0
0,0,0,0,0,0,0,0,0.0582977,0,0,0,0.670423,0.126312,0,0,0,0.00323876,0.00323876,0,0,0,0,0,0,0,0,1.24692,0.21052,0,0,0,9.71286,2.96021,0,0,0,19.1018,5.04916,0,0,0,8.74125,2.66873,0,0,0,0.126312,0,0,0,0,0.327115,0,0,0,0,9.28535,0,0,0,0,19.892,0,0,0,0,9.89098,0,0,0,0,0.168416,0,0,0,0,0.00971628,0,0,0,0,1.67444,0,0,0,0,7.02151,0,0,0,0,0.913328,0,0,0,0,0,0,0,0,0,0,0,0,0,0,0,0,0,0,0,0.136028,0,0,0,0,0,0,0,0,0,0,0,0
0,0,0,0,0,0,0,0,0.0025972,0,0,0,0.59476,0.109082,0,0,0,0.0025972,0.0441524,0,0,0,0,0,0,0,0,0.0025972,0,0,0,0,6.70084,1.51937,0,0,0,23.2457,5.17621,0,0,0,9.74979,3.68796,0,0,0,0.0103888,0,0,0,0,0.0025972,0,0,0,0,5.85151,0,0,0,0,30.3014,0,0,0,0,8.22284,0,0,0,0,0.0025972,0,0,0,0,0,0,0,0,0,0.0883048,0,0,0,0,4.44636,0,0,0,0,0.135054,0,0,0,0,0,0,0,0,0,0,0,0,0,0,0,0,0,0,0,0.106485,0,0,0,0,0,0,0,0,0,0,0,0
0,0,0,0,0,0,0,0.0209512,0.0568675,0,0,0,0.511807,0.212505,0,0,0,0.0329233,0.140672,0,0,0,0,0,0,0,0,0.945799,0.230463,0,0,0,7.55753,3.80118,0,0,0,13.6686,5.01938,0,0,0,8.15613,4.33395,0,0,0,1.98437,0.912875,0,0,0,0.628536,0,0,0,0,10.239,0,0,0,0,13.7254,0,0,0,0,10.248,0,0,0,0,2.60993,0,0,0,0,0,0,0,0,0,1.98736,0,0,0,0,9.69434,0,0,0,0,2.80148,0,0,0,0,0.263386,0,0,0,0,0,0,0,0,0,0,0,0,0,0,0.215498,0,0,0,0,0,0,0,0,0,0,0,0
0,0,0,0,0,0,0,0.0046753,0,0,0,0,0.3787,0.00701295,0,0,0,0,0,0,0,0,0,0,0,0,0,0.397401,0.0210389,0,0,0,7.81216,1.98234,0,0,0,18.1423,2.87534,0,0,0,4.62387,1.27168,0,0,0,0.385713,0.0748048,0,0,0,0.27818,0,0,0,0,11.5521,0,0,0,0,30.3932,0,0,0,0,7.06652,0,0,0,0,0.78545,0,0,0,0,0,0,0,0,0,1.46805,0,0,0,0,9.19594,0,0,0,0,1.07766,0,0,0,0,0.0210389,0,0,0,0,0,0,0,0,0,0,0,0,0,0,0.187012,0,0,0,0,0,0,0,0,0,0,0,0
0,0,0,0,0,0,0,0,0.00277423,0,0,0,0.604784,0.0610331,0,0,0,0.00277423,0,0,0,0,0,0,0,0,0,0.0110969,0.00277423,0,0,0,7.66245,2.29707,0,0,0,22.9433,6.48617,0,0,0,9.45183,3.9949,0,0,0,0.0110969,0,0,0,0,0.00554847,0,0,0,0,6.25591,0,0,0,0,27.755,0,0,0,0,7.83445,0,0,0,0,0,0,0,0,0,0,0,0,0,0,0.083227,0,0,0,0,4.30007,0,0,0,0,0.14426,0,0,0,0,0,0,0,0,0,0,0,0,0,0,0,0,0,0,0,0.083227,0,0,0,0,0,0,0,0,0,0,0,0
0,0,0,0,0,0,0,0.0203175,0.0348301,0,0,0,0.467304,0.0609526,0,0,0,0.0319275,0.02322,0,0,0,0,0,0,0,0,1.01007,0.261226,0,0,0,7.9877,4.34796,0,0,0,14.3025,5.36964,0,0,0,7.43913,4.24056,0,0,0,1.5093,0.737237,0,0,0,0.673382,0,0,0,0,10.7504,0,0,0,0,15.5736,0,0,0,0,9.48515,0,0,0,0,1.965,0,0,0,0,0,0,0,0,0,1.91275,0,0,0,0,9.19205,0,0,0,0,2.21171,0,0,0,0,0.171248,0,0,0,0,0,0,0,0,0,0,0,0,0,0,0.217688,0,0,0,0,0,0,0,0,0,0,0,0
0,0,0,0,0,0,0,0,0.00236995,0,0,0,0.44081,0.0568788,0,0,0,0,0.0213295,0,0,0,0,0,0,0,0,0.00236995,0,0,0,0,5.68542,0.895839,0,0,0,22.5474,2.49556,0,0,0,6.28974,1.13284,0,0,0,0.0710985,0,0,0,0,0.00236995,0,0,0,0,6.25182,0,0,0,0,42.3924,0,0,0,0,5.78022,0,0,0,0,0.127977,0,0,0,0,0,0,0,0,0,0.118497,0,0,0,0,5.38208,0,0,0,0,0.156417,0,0,0,0,0,0,0,0,0,0,0,0,0,0,0,0,0,0,0,0.149307,0,0,0,0,0,0,0,0,0,0,0,0
0,0,0,0,0,0,0,0,0,0,0,0,0.660801,0.0216149,0,0,0,0.00308785,0,0,0,0,0,0,0,0,0,0.299521,0.0308785,0,0,0,8.816,3.59731,0,0,0,21.7918,7.5808,0,0,0,8.8407,4.30443,0,0,0,0.0247028,0,0,0,0,0.117338,0,0,0,0,7.63947,0,0,0,0,22.9992,0,0,0,0,8.17678,0,0,0,0,0.0123514,0,0,0,0,0,0,0,0,0,0.237764,0,0,0,0,4.49589,0,0,0,0,0.24394,0,0,0,0,0,0,0,0,0,0,0,0,0,0,0,0,0,0,0,0.108075,0,0,0,0,0,0,0,0,0,0,0,0
0,0,0,0,0,0,0,0.0180501,0.0257858,0,0,0,0.422888,0.0128929,0,0,0,0.0283644,0,0,0,0,0,0,0,0,0,1.00306,0.128929,0,0,0,8.73904,3.60481,0,0,0,16.1864,4.25204,0,0,0,5.71418,2.48317,0,0,0,0.709109,0.247544,0,0,0,0.796779,0,0,0,0,11.9805,0,0,0,0,21.9293,0,0,0,0,7.67402,0,0,0,0,1.1191,0,0,0,0,0,0,0,0,0,1.96231,0,0,0,0,9.12327,0,0,0,0,1.55231,0,0,0,0,0.0722003,0,0,0,0,0,0,0,0,0,0,0,0,0,0,0.216601,0,0,0,0,0,0,0,0,0,0,0,0
0,0,0,0,0,0,0,0,0.00238635,0,0,0,0.486816,0.0906813,0,0,0,0,0.0334089,0,0,0,0,0,0,0,0,0.00238635,0,0,0,0,5.69635,1.03806,0,0,0,22.8457,2.94235,0,0,0,7.07101,1.60601,0,0,0,0.0715905,0,0,0,0,0.00238635,0,0,0,0,5.83238,0,0,0,0,40.2134,0,0,0,0,6.61279,0,0,0,0,0.0930676,0,0,0,0,0,0,0,0,0,0.102613,0,0,0,0,4.97322,0,0,0,0,0.140795,0,0,0,0,0,0,0,0,0,0,0,0,0,0,0,0,0,0,0,0.145567,0,0,0,0,0,0,0,0,0,0,0,0
0,0,0,0,0,0,0,0,0.00238635,0,0,0,0.391362,0.0167045,0,0,0,0,0.00715905,0,0,0,0,0,0,0,0,0.00238635,0,0,0,0,5.54599,0.730222,0,0,0,22.0511,2.05464,0,0,0,5.5102,0.804199,0,0,0,0.0763632,0,0,0,0,0.00238635,0,0,0,0,6.8777,0,0,0,0,43.6522,0,0,0,0,5.79658,0,0,0,0,0.128863,0,0,0,0,0,0,0,0,0,0.131249,0,0,0,0,5.89921,0,0,0,0,0.181362,0,0,0,0,0,0,0,0,0,0,0,0,0,0,0,0,0,0,0,0.143181,0,0,0,0,0,0,0,0,0,0,0,0
0,0,0,0,0,0,0,0,0.00248843,0,0,0,0.569851,0.12691,0,0,0,0.00248843,0.0597223,0,0,0,0,0,0,0,0,0.00248843,0,0,0,0,6.13905,1.3313,0,0,0,23.3502,4.26512,0,0,0,9.16747,2.8741,0,0,0,0.00746529,0,0,0,0,0.00248843,0,0,0,0,5.59155,0,0,0,0,33.6811,0,0,0,0,8.1324,0,0,0,0,0.0149306,0,0,0,0,0,0,0,0,0,0.0622107,0,0,0,0,4.38955,0,0,0,0,0.124421,0,0,0,0,0,0,0,0,0,0,0,0,0,0,0,0,0,0,0,0.107002,0,0,0,0,0,0,0,0,0,0,0,0
0,0,0,0,0,0,0,0,0,0,0,0,0.656686,0.012449,0,0,0,0.00311226,0,0,0,0,0,0,0,0,0,0.774952,0.0778065,0,0,0,9.74749,3.7441,0,0,0,20.7337,6.86264,0,0,0,8.58055,3.41419,0,0,0,0.0248981,0,0,0,0,0.342348,0,0,0,0,8.40317,0,0,0,0,21.6582,0,0,0,0,8.35961,0,0,0,0,0.0311226,0,0,0,0,0,0,0,0,0,0.765615,0,0,0,0,5.24423,0,0,0,0,0.451277,0,0,0,0,0,0,0,0,0,0,0,0,0,0,0,0,0,0,0,0.112041,0,0,0,0,0,0,0,0,0,0,0,0
0,0,0,0,0,0,0,0,0,0,0,0,0.636606,0.0294724,0,0,0,0.00294724,0,0,0,0,0,0,0,0,0,0.167993,0.023578,0,0,0,8.49995,3.64873,0,0,0,22.1734,8.02846,0,0,0,8.91251,4.5683,0,0,0,0.0206307,0,0,0,0,0.0442087,0,0,0,0,6.89374,0,0,0,0,24.0328,0,0,0,0,7.71605,0,0,0,0,0,0,0,0,0,0,0,0,0,0,0.114942,0,0,0,0,4.22051,0,0,0,0,0.165046,0,0,0,0,0,0,0,0,0,0,0,0,0,0,0,0,0,0,0,0.097259,0,0,0,0,0,0,0,0,0,0,0,0
0,0,0,0,0,0,0,0.0172968,0.0247097,0,0,0,0.40771,0.0123548,0,0,0,0.0197677,0,0,0,0,0,0,0,0,0,0.934026,0.0667161,0,0,0,8.67805,3.15049,0,0,0,16.7109,3.87201,0,0,0,5.18904,2.02372,0,0,0,0.58562,0.168026,0,0,0,0.788239,0,0,0,0,12.298,0,0,0,0,24.0147,0,0,0,0,7.26712,0,0,0,0,0.958736,0,0,0,0,0,0,0,0,0,1.97183,0,0,0,0,9.15494,0,0,0,0,1.41587,0,0,0,0,0.0617742,0,0,0,0,0,0,0,0,0,0,0,0,0,0,0.20509,0,0,0,0,0,0,0,0,0,0,0,0
0,0,0,0,0,0,0,0.01858,0.0557399,0,0,0,0.416722,0.0265428,0,0,0,0.0291971,0.00530856,0,0,0,0,0,0,0,0,1.13072,0.329131,0,0,0,8.67121,4.49369,0,0,0,15.4258,4.81484,0,0,0,6.21884,3.15331,0,0,0,0.875909,0.366291,0,0,0,0.751159,0,0,0,0,11.5854,0,0,0,0,19.6604,0,0,0,0,7.92541,0,0,0,0,1.27405,0,0,0,0,0,0,0,0,0,1.9164,0,0,0,0,8.90742,0,0,0,0,1.63239,0,0,0,0,0.095554,0,0,0,0,0,0,0,0,0,0,0,0,0,0,0.217651,0,0,0,0,0,0,0,0,0,0,0,0
0,0,0,0,0,0,0,0,0.0514386,0,0,0,0.617262,0.123452,0,0,0,0,0.00342924,0,0,0,0,0,0,0,0,1.48487,0.17832,0,0,0,8.73106,2.18101,0,0,0,17.5138,3.6727,0,0,0,8.90596,2.23587,0,0,0,0.277768,0.0102877,0,0,0,0.62755,0,0,0,0,9.30034,0,0,0,0,18.5152,0,0,0,0,11.1042,0,0,0,0,0.500668,0,0,0,0,0,0,0,0,0,2.82226,0,0,0,0,9.31063,0,0,0,0,1.70434,0,0,0,0,0.00342924,0,0,0,0,0,0,0,0,0,0,0,0,0,0,0.126882,0,0,0,0,0,0,0,0,0,0,0,0
0,0,0,0,0,0,0,0,0.00245369,0,0,0,0.515274,0.110416,0,0,0,0,0.0441663,0,0,0,0,0,0,0,0,0.00245369,0,0,0,0,5.74671,1.11397,0,0,0,23.3622,3.40824,0,0,0,7.79809,2.14453,0,0,0,0.039259,0,0,0,0,0,0,0,0,0,5.35901,0,0,0,0,38.0621,0,0,0,0,7.42266,0,0,0,0,0.04662,0,0,0,0,0,0,0,0,0,0.0785179,0,0,0,0,4.50754,0,0,0,0,0.122684,0,0,0,0,0,0,0,0,0,0,0,0,0,0,0,0,0,0,0,0.105508,0,0,0,0,0,0,0,0,0,0,0,0
0,0,0,0,0,0,0,0,0,0,0,0,0.393172,0.00248843,0,0,0,0,0,0,0,0,0,0,0,0,0,0,0,0,0,0,5.27799,0.535013,0,0,0,21.8393,1.48558,0,0,0,4.69068,0.432987,0,0,0,0.0671875,0,0,0,0,0,0,0,0,0,7.50032,0,0,0,0,44.9505,0,0,0,0,5.52685,0,0,0,0,0.119445,0,0,0,0,0,0,0,0,0,0.226447,0,0,0,0,6.54718,0,0,0,0,0.246355,0,0,0,0,0,0,0,0,0,0,0,0,0,0,0,0,0,0,0,0.156771,0,0,0,0,0,0,0,0,0,0,0,0
0,0,0,0,0,0,0,0,0.0170051,0,0,0,0.663199,0.0578172,0,0,0,0.00340101,0.00340101,0,0,0,0,0,0,0,0,0.959089,0.0986294,0,0,0,9.99864,3.2854,0,0,0,20.6908,6.10472,0,0,0,8.5771,2.89768,0,0,0,0.0272081,0,0,0,0,0.326497,0,0,0,0,8.70293,0,0,0,0,21.1193,0,0,0,0,8.78455,0,0,0,0,0.0340101,0,0,0,0,0.00680203,0,0,0,0,1.12914,0,0,0,0,5.81225,0,0,0,0,0.571371,0,0,0,0,0,0,0,0,0,0,0,0,0,0,0,0,0,0,0,0.125837,0,0,0,0,0,0,0,0,0,0,0,0
0,0,0,0,0,0,0,0.0149306,0,0,0,0,0.408103,0.00248843,0,0,0,0.00497686,0,0,0,0,0,0,0,0,0,0.589759,0.017419,0,0,0,8.52802,2.67751,0,0,0,17.6477,3.33196,0,0,0,4.76285,1.51296,0,0,0,0.440453,0.0945602,0,0,0,0.495198,0,0,0,0,12.1731,0,0,0,0,26.9643,0,0,0,0,7.03744,0,0,0,0,0.771414,0,0,0,0,0,0,0,0,0,1.81903,0,0,0,0,9.23465,0,0,0,0,1.23426,0,0,0,0,0.0398149,0,0,0,0,0,0,0,0,0,0,0,0,0,0,0.199074,0,0,0,0,0,0,0,0,0,0,0,0
0,0,0,0,0,0,0,0,0.00292475,0,0,0,0.637594,0.0497207,0,0,0,0.00292475,0,0,0,0,0,0,0,0,0,0.0526454,0.011699,0,0,0,8.17488,3.23768,0,0,0,22.9405,8.05789,0,0,0,9.13426,4.65913,0,0,0,0.00584949,0,0,0,0,0.0146237,0,0,0,0,6.18594,0,0,0,0,25.113,0,0,0,0,7.38516,0,0,0,0,0,0,0,0,0,0,0,0,0,0,0.0584949,0,0,0,0,4.07707,0,0,0,0,0.11699,0,0,0,0,0,0,0,0,0,0,0,0,0,0,0,0,0,0,0,0.0789682,0,0,0,0,0,0,0,0,0,0,0,0
0,0,0,0,0,0,0,0.019861,0.0567456,0,0,0,0.431266,0.0283728,0,0,0,0.0312101,0.00567456,0,0,0,0,0,0,0,0,1.03277,0.289403,0,0,0,8.55986,4.72115,0,0,0,14.9719,5.30561,0,0,0,6.74406,3.65153,0,0,0,1.04696,0.505035,0,0,0,0.686623,0,0,0,0,11.2779,0,0,0,0,17.7075,0,0,0,0,8.58823,0,0,0,0,1.41297,0,0,0,0,0,0,0,0,0,1.90382,0,0,0,0,8.94004,0,0,0,0,1.75061,0,0,0,0,0.104979,0,0,0,0,0,0,0,0,0,0,0,0,0,0,0.224145,0,0,0,0,0,0,0,0,0,0,0,0
0,0,0,0,0,0,0,0,0,0,0,0,0.388917,0,0,0,0,0,0,0,0,0,0,0,0,0,0,0.1576,0,0,0,0,7.08962,1.03203,0,0,0,19.7532,1.98016,0,0,0,4.03411,0.671073,0,0,0,0.198272,0.0152517,0,0,0,0.0813422,0,0,0,0,11.2706,0,0,0,0,34.6959,0,0,0,0,6.89896,0,0,0,0,0.559227,0,0,0,0,0,0,0,0,0,1.02949,0,0,0,0,9.18402,0,0,0,0,0.767667,0,0,0,0,0.00508388,0,0,0,0,0,0,0,0,0,0,0,0,0,0,0.188104,0,0,0,0,0,0,0,0,0,0,0,0
0,0,0,0,0,0,0,0,0.0029025,0,0,0,0.638552,0.0783676,0,0,0,0.0029025,0.017415,0,0,0,0,0,0,0,0,0.0029025,0,0,0,0,6.9457,1.63701,0,0,0,24.117,5.89499,0,0,0,9.85661,3.92419,0,0,0,0.0029025,0,0,0,0,0,0,0,0,0,5.37254,0,0,0,0,29.1304,0,0,0,0,7.67423,0,0,0,0,0,0,0,0,0,0,0,0,0,0,0.0493426,0,0,0,0,4.45245,0,0,0,0,0.107393,0,0,0,0,0,0,0,0,0,0,0,0,0,0,0,0,0,0,0,0.0928802,0,0,0,0,0,0,0,0,0,0,0,0
0,0,0,0,0,0,0,0,0,0,0,0,0.410997,0.00250608,0,0,0,0,0,0,0,0,0,0,0,0,0,0.122798,0,0,0,0,6.13496,0.811969,0,0,0,20.5509,1.7793,0,0,0,4.27281,0.603965,0,0,0,0.172919,0.0125304,0,0,0,0,0,0,0,0,9.50838,0,0,0,0,38.9619,0,0,0,0,6.46829,0,0,0,0,0.431045,0,0,0,0,0,0,0,0,0,0.729268,0,0,0,0,8.29786,0,0,0,0,0.551337,0,0,0,0,0,0,0,0,0,0,0,0,0,0,0,0,0,0,0,0.180438,0,0,0,0,0,0,0,0,0,0,0,0
0,0,0,0,0,0,0,0.0226713,0.0485814,0,0,0,0.495531,0.155461,0,0,0,0.0356264,0.0939241,0,0,0,0,0,0,0,0,0.842076,0.200803,0,0,0,7.87329,4.07108,0,0,0,14.0494,5.26291,0,0,0,7.98988,4.32693,0,0,0,1.70359,0.848554,0,0,0,0.573261,0,0,0,0,10.5679,0,0,0,0,14.0721,0,0,0,0,10.3476,0,0,0,0,2.19264,0,0,0,0,0,0,0,0,0,1.85906,0,0,0,0,9.50234,0,0,0,0,2.44202,0,0,0,0,0.191087,0,0,0,0,0,0,0,0,0,0,0,0,0,0,0.229952,0,0,0,0,0,0,0,0,0,0,0,0
0,0,0,0,0,0,0,0,0.00269339,0,0,0,0.61948,0.140056,0,0,0,0.00269339,0.070028,0,0,0,0,0,0,0,0,0.00269339,0,0,0,0,6.19465,1.43289,0,0,0,24.2766,4.875,0,0,0,9.89239,3.391,0,0,0,0,0,0,0,0,0,0,0,0,0,5.02582,0,0,0,0,31.629,0,0,0,0,7.76208,0,0,0,0,0,0,0,0,0,0,0,0,0,0,0.0430942,0,0,0,0,4.41985,0,0,0,0,0.105042,0,0,0,0,0,0,0,0,0,0,0,0,0,0,0,0,0,0,0,0.110429,0,0,0,0,0,0,0,0,0,0,0,0
0,0,0,0,0,0,0,0.0244073,0.055788,0,0,0,0.529986,0.244073,0,0,0,0.0383543,0.170851,0,0,0,0,0,0,0,0,0.742678,0.14993,0,0,0,7.32548,3.43092,0,0,0,13.4515,4.78722,0,0,0,8.57021,4.32349,0,0,0,2.20362,0.958857,0,0,0,0.529986,0,0,0,0,10.2961,0,0,0,0,13.0087,0,0,0,0,10.8958,0,0,0,0,2.84167,0,0,0,0,0,0,0,0,0,1.82008,0,0,0,0,10.0067,0,0,0,0,3.05436,0,0,0,0,0.303347,0,0,0,0,0,0,0,0,0,0,0,0,0,0,0.233612,0,0,0,0,0,0,0,0,0,0,0,0
0,0,0,0,0,0,0,0,0.0476872,0,0,0,0.575915,0.289791,0,0,0,0,0.198085,0,0,0,0,0,0,0,0,0.718976,0.117384,0,0,0,6.812,2.52008,0,0,0,13.2199,3.62057,0,0,0,9.25493,3.71962,0,0,0,2.16058,0.539232,0,0,0,0.557574,0,0,0,0,10.2306,0,0,0,0,13.9461,0,0,0,0,11.7674,0,0,0,0,3.22073,0,0,0,0,0,0,0,0,0,1.86712,0,0,0,0,10.392,0,0,0,0,3.84434,0,0,0,0,0.264114,0,0,0,0,0,0,0,0,0,0,0,0,0,0,0.113716,0,0,0,0,0,0,0,0,0,0,0,0
0,0,0,0,0,0,0,0,0.0451722,0,0,0,0.639939,0.23339,0,0,0,0,0.139281,0,0,0,0,0,0,0,0,0.775455,0.105402,0,0,0,7.18601,2.24733,0,0,0,13.8147,3.27124,0,0,0,9.42192,3.27124,0,0,0,1.70902,0.304912,0,0,0,0.57971,0,0,0,0,9.75692,0,0,0,0,14.304,0,0,0,0,11.9928,0,0,0,0,2.89104,0,0,0,0,0,0,0,0,0,2.24356,0,0,0,0,10.9916,0,0,0,0,3.80202,0,0,0,0,0.14681,0,0,0,0,0,0,0,0,0,0,0,0,0,0,0.124224,0,0,0,0,0,0,0,0,0,0,0,0
0,0,0,0,0,0,0,0,0,0,0,0,0.418971,0,0,0,0,0,0,0,0,0,0,0,0,0,0,0,0,0,0,0,5.1857,0.350461,0,0,0,21.8621,1.01713,0,0,0,3.95252,0.239789,0,0,0,0.057971,0,0,0,0,0,0,0,0,0,7.93928,0,0,0,0,45.0823,0,0,0,0,5.42285,0,0,0,0,0.118577,0,0,0,0,0,0,0,0,0,0.321475,0,0,0,0,7.52031,0,0,0,0,0.350461,0,0,0,0,0,0,0,0,0,0,0,0,0,0,0,0,0,0,0,0.171278,0,0,0,0,0,0,0,0,0,0,0,0
0,0,0,0,0,0,0,0,0.0480983,0,0,0,0.688174,0.0887968,0,0,0,0.00369987,0.00369987,0,0,0,0,0,0,0,0,1.08406,0.118396,0,0,0,10.319,2.85998,0,0,0,20.5576,5.20194,0,0,0,8.4208,2.27172,0,0,0,0.0295989,0,0,0,0,0.336688,0,0,0,0,9.23116,0,0,0,0,20.8648,0,0,0,0,8.92404,0,0,0,0,0.0369987,0,0,0,0,0.00739973,0,0,0,0,1.42445,0,0,0,0,6.57456,0,0,0,0,0.769571,0,0,0,0,0,0,0,0,0,0,0,0,0,0,0,0,0,0,0,0.136895,0,0,0,0,0,0,0,0,0,0,0,0
0,0,0,0,0,0,0,0.00790514,0,0,0,0,0.411066,0,0,0,0,0,0,0,0,0,0,0,0,0,0,0.26614,0.00263505,0,0,0,8.05259,1.52041,0,0,0,18.7939,2.40578,0,0,0,4.27663,0.882741,0,0,0,0.28195,0.0263505,0,0,0,0.226614,0,0,0,0,12.3371,0,0,0,0,30.3499,0,0,0,0,6.94852,0,0,0,0,0.603425,0,0,0,0,0,0,0,0,0,1.64689,0,0,0,0,9.60724,0,0,0,0,1.11726,0,0,0,0,0.0289855,0,0,0,0,0,0,0,0,0,0,0,0,0,0,0.210804,0,0,0,0,0,0,0,0,0,0,0,0
0,0,0,0,0,0,0,0,0.00311226,0,0,0,0.644237,0.0622452,0,0,0,0.00311226,0,0,0,0,0,0,0,0,0,0.00622452,0,0,0,0,7.82123,2.37468,0,0,0,24.0831,7.23612,0,0,0,9.37718,4.24829,0,0,0,0,0,0,0,0,0.00311226,0,0,0,0,5.62705,0,0,0,0,26.8504,0,0,0,0,7.2579,0,0,0,0,0,0,0,0,0,0,0,0,0,0,0.0435716,0,0,0,0,4.19538,0,0,0,0,0.09648,0,0,0,0,0,0,0,0,0,0,0,0,0,0,0,0,0,0,0,0.0684697,0,0,0,0,0,0,0,0,0,0,0,0
0,0,0,0,0,0,0,0,0.0472813,0,0,0,0.54919,0.316421,0,0,0,0.0109111,0.261866,0,0,0,0,0,0,0,0,0.651027,0.120022,0,0,0,6.64475,2.77871,0,0,0,13.1154,4.06259,0,0,0,9.10703,4.17534,0,0,0,2.60049,0.821966,0,0,0,0.516457,0,0,0,0,10.1473,0,0,0,0,13.3991,0,0,0,0,11.4786,0,0,0,0,3.40429,0,0,0,0,0,0,0,0,0,1.60757,0,0,0,0,10.0746,0,0,0,0,3.63706,0,0,0,0,0.320058,0,0,0,0,0,0,0,0,0,0,0,0,0,0,0.152755,0,0,0,0,0,0,0,0,0,0,0,0
0,0,0,0,0,0,0,0.0221337,0.0442674,0,0,0,0.45216,0.0221337,0,0,0,0.0347815,0.00632391,0,0,0,0,0,0,0,0,0.891674,0.218175,0,0,0,8.45503,4.59743,0,0,0,14.6691,5.56814,0,0,0,7.31667,4.05675,0,0,0,1.24581,0.619744,0,0,0,0.603935,0,0,0,0,10.9976,0,0,0,0,16.0258,0,0,0,0,9.21084,0,0,0,0,1.57465,0,0,0,0,0,0,0,0,0,1.86554,0,0,0,0,9.20451,0,0,0,0,1.94143,0,0,0,0,0.116992,0,0,0,0,0,0,0,0,0,0,0,0,0,0,0.240308,0,0,0,0,0,0,0,0,0,0,0,0
0,0,0,0,0,0,0,0,0.0353982,0,0,0,0.684365,0.173058,0,0,0,0,0.0786627,0,0,0,0,0,0,0,0,0.814158,0.0904622,0,0,0,7.54363,1.95871,0,0,0,14.5482,2.96561,0,0,0,9.61236,2.72569,0,0,0,1.19174,0.149459,0,0,0,0.554572,0,0,0,0,9.28986,0,0,0,0,15.0202,0,0,0,0,12.1963,0,0,0,0,2.12391,0,0,0,0,0,0,0,0,0,2.65489,0,0,0,0,11.744,0,0,0,0,3.61459,0,0,0,0,0.0825959,0,0,0,0,0,0,0,0,0,0,0,0,0,0,0.145526,0,0,0,0,0,0,0,0,0,0,0,0
0,0,0,0,0,0,0,0,0.00277423,0,0,0,0.588138,0.0804527,0,0,0,0,0.0499362,0,0,0,0,0,0,0,0,0,0,0,0,0,5.36815,0.729624,0,0,0,25.0732,3.24586,0,0,0,8.94692,2.14449,0,0,0,0,0,0,0,0,0,0,0,0,0,4.63575,0,0,0,0,36.5685,0,0,0,0,7.80948,0,0,0,0,0,0,0,0,0,0,0,0,0,0,0.0443877,0,0,0,0,4.49427,0,0,0,0,0.0943239,0,0,0,0,0,0,0,0,0,0,0,0,0,0,0,0,0,0,0,0.113743,0,0,0,0,0,0,0,0,0,0,0,0
0,0,0,0,0,0,0,0,0,0,0,0,0.689147,0.0140642,0,0,0,0.00351605,0,0,0,0,0,0,0,0,0,0.186351,0.0281284,0,0,0,9.18058,3.75862,0,0,0,23.2786,8.01672,0,0,0,8.80083,3.95903,0,0,0,0,0,0,0,0,0.0527408,0,0,0,0,7.17987,0,0,0,0,23.261,0,0,0,0,7.23261,0,0,0,0,0,0,0,0,0,0,0,0,0,0,0.0984494,0,0,0,0,4.01529,0,0,0,0,0.15119,0,0,0,0,0,0,0,0,0,0,0,0,0,0,0,0,0,0,0,0.0914173,0,0,0,0,0,0,0,0,0,0,0,0
0,0,0,0,0,0,0,0,0,0,0,0,0.453737,0.00546672,0,0,0,0,0.00546672,0,0,0,0,0,0,0,0,0,0,0,0,0,4.60849,0.40727,0,0,0,24.3533,1.48968,0,0,0,5.72911,0.481071,0,0,0,0.00820008,0,0,0,0,0,0,0,0,0,5.0868,0,0,0,0,46.1744,0,0,0,0,5.36559,0,0,0,0,0.030067,0,0,0,0,0,0,0,0,0,0.0601339,0,0,0,0,5.50499,0,0,0,0,0.0820008,0,0,0,0,0,0,0,0,0,0,0,0,0,0,0,0,0,0,0,0.161268,0,0,0,0,0,0,0,0,0,0,0,0
0,0,0,0,0,0,0,0.0206307,0.0294724,0,0,0,0.412614,0.0147362,0,0,0,0.0324197,0,0,0,0,0,0,0,0,0,0.972594,0.0707339,0,0,0,9.19541,3.45126,0,0,0,16.5242,4.02893,0,0,0,5.26976,2.0277,0,0,0,0.568818,0.147362,0,0,0,0.775127,0,0,0,0,12.6049,0,0,0,0,22.5181,0,0,0,0,7.44489,0,0,0,0,0.851756,0,0,0,0,0,0,0,0,0,1.91276,0,0,0,0,9.45473,0,0,0,0,1.37636,0,0,0,0,0.0530504,0,0,0,0,0,0,0,0,0,0,0,0,0,0,0.238727,0,0,0,0,0,0,0,0,0,0,0,0
0,0,0,0,0,0,0,0,0.0425071,0,0,0,0.672386,0.100471,0,0,0,0.00386429,0.00386429,0,0,0,0,0,0,0,0,1.37182,0.13525,0,0,0,9.38249,2.07512,0,0,0,18.8886,3.60152,0,0,0,8.72943,1.81622,0,0,0,0.0888786,0,0,0,0,0.428936,0,0,0,0,9.40954,0,0,0,0,19.8277,0,0,0,0,10.5379,0,0,0,0,0.18935,0,0,0,0,0,0,0,0,0,2.47314,0,0,0,0,8.78739,0,0,0,0,1.29454,0,0,0,0,0,0,0,0,0,0,0,0,0,0,0,0,0,0,0,0.139114,0,0,0,0,0,0,0,0,0,0,0,0
0,0,0,0,0,0,0,0.00709144,0.0460944,0,0,0,0.510584,0.322661,0,0,0,0.0390029,0.287203,0,0,0,0,0,0,0,0,0.592136,0.106372,0,0,0,6.63411,2.91815,0,0,0,12.9739,4.36127,0,0,0,9.1055,4.418,0,0,0,2.91106,1.04599,0,0,0,0.453853,0,0,0,0,9.86429,0,0,0,0,12.7825,0,0,0,0,11.123,0,0,0,0,3.27627,0,0,0,0,0,0,0,0,0,1.72677,0,0,0,0,10.0983,0,0,0,0,3.6663,0,0,0,0,0.51413,0,0,0,0,0,0,0,0,0,0,0,0,0,0,0.216289,0,0,0,0,0,0,0,0,0,0,0,0
0,0,0,0,0,0,0,0,0,0,0,0,0.652393,0.0234192,0,0,0,0.0033456,0,0,0,0,0,0,0,0,0,0.066912,0.016728,0,0,0,8.72176,3.76709,0,0,0,23.7597,8.67158,0,0,0,8.81544,4.34252,0,0,0,0,0,0,0,0,0.016728,0,0,0,0,6.32974,0,0,0,0,23.917,0,0,0,0,6.86836,0,0,0,0,0,0,0,0,0,0,0,0,0,0,0.050184,0,0,0,0,3.78716,0,0,0,0,0.107059,0,0,0,0,0,0,0,0,0,0,0,0,0,0,0,0,0,0,0,0.0802944,0,0,0,0,0,0,0,0,0,0,0,0
0,0,0,0,0,0,0,0,0.00273336,0,0,0,0.522071,0.0218669,0,0,0,0,0.0109334,0,0,0,0,0,0,0,0,0,0,0,0,0,4.85448,0.543938,0,0,0,24.7879,2.08008,0,0,0,6.77867,0.940273,0,0,0,0.00546672,0,0,0,0,0,0,0,0,0,4.66862,0,0,0,0,43.4612,0,0,0,0,5.99697,0,0,0,0,0.0191335,0,0,0,0,0,0,0,0,0,0.0492005,0,0,0,0,5.02941,0,0,0,0,0.0847342,0,0,0,0,0,0,0,0,0,0,0,0,0,0,0,0,0,0,0,0.147601,0,0,0,0,0,0,0,0,0,0,0,0
0,0,0,0,0,0,0,0,0,0,0,0,0.421313,0.00275368,0,0,0,0,0,0,0,0,0,0,0,0,0,0,0,0,0,0,4.46378,0.28363,0,0,0,23.8693,1.06567,0,0,0,4.8796,0.253339,0,0,0,0.0220295,0,0,0,0,0,0,0,0,0,5.53499,0,0,0,0,47.8971,0,0,0,0,5.05859,0,0,0,0,0.0247831,0,0,0,0,0,0,0,0,0,0.0715958,0,0,0,0,5.90123,0,0,0,0,0.101886,0,0,0,0,0,0,0,0,0,0,0,0,0,0,0,0,0,0,0,0.154206,0,0,0,0,0,0,0,0,0,0,0,0
0,0,0,0,0,0,0,0,0,0,0,0,0.692391,0.00721241,0,0,0,0.0036062,0,0,0,0,0,0,0,0,0,0.533718,0.0432744,0,0,0,10.256,3.98492,0,0,0,22.2579,7.08635,0,0,0,8.40261,3.0076,0,0,0,0,0,0,0,0,0.219978,0,0,0,0,8.19347,0,0,0,0,22.3084,0,0,0,0,7.42535,0,0,0,0,0,0,0,0,0,0,0,0,0,0,0.432744,0,0,0,0,4.74585,0,0,0,0,0.306527,0,0,0,0,0,0,0,0,0,0,0,0,0,0,0,0,0,0,0,0.0937613,0,0,0,0,0,0,0,0,0,0,0,0
0,0,0,0,0,0,0,0.0195651,0,0,0,0,0.402482,0.00279501,0,0,0,0.0307452,0,0,0,0,0,0,0,0,0,0.978259,0.0475152,0,0,0,9.20713,3.13319,0,0,0,16.9272,3.64747,0,0,0,4.79068,1.58757,0,0,0,0.449997,0.10062,0,0,0,0.821737,0,0,0,0,12.9807,0,0,0,0,24.4047,0,0,0,0,6.95977,0,0,0,0,0.71273,0,0,0,0,0,0,0,0,0,1.88942,0,0,0,0,9.36086,0,0,0,0,1.27732,0,0,0,0,0.0391302,0,0,0,0,0,0,0,0,0,0,0,0,0,0,0.229191,0,0,0,0,0,0,0,0,0,0,0,0
0,0,0,0,0,0,0,0.0214461,0.0306373,0,0,0,0.404412,0.0183824,0,0,0,0.033701,0.00612745,0,0,0,0,0,0,0,0,1.05699,0.251225,0,0,0,9.17898,4.19419,0,0,0,15.9354,4.56184,0,0,0,5.79956,2.68074,0,0,0,0.726105,0.248162,0,0,0,0.716914,0,0,0,0,12.0807,0,0,0,0,20.227,0,0,0,0,7.80321,0,0,0,0,1.01103,0,0,0,0,0,0,0,0,0,1.90256,0,0,0,0,9.32606,0,0,0,0,1.47058,0,0,0,0,0.0735294,0,0,0,0,0,0,0,0,0,0,0,0,0,0,0.242034,0,0,0,0,0,0,0,0,0,0,0,0
0,0,0,0,0,0,0,0,0,0,0,0,0.419252,0,0,0,0,0,0,0,0,0,0,0,0,0,0,0.0642853,0,0,0,0,6.0681,0.472357,0,0,0,21.032,1.17391,0,0,0,3.41828,0.276706,0,0,0,0.0894404,0.00279501,0,0,0,0,0,0,0,0,10.3168,0,0,0,0,39.071,0,0,0,0,6.49856,0,0,0,0,0.307451,0,0,0,0,0,0,0,0,0,0.810557,0,0,0,0,9.20154,0,0,0,0,0.578568,0,0,0,0,0,0,0,0,0,0,0,0,0,0,0,0,0,0,0,0.198446,0,0,0,0,0,0,0,0,0,0,0,0
0,0,0,0,0,0,0,0,0.0169112,0,0,0,0.722953,0.11415,0,0,0,0,0.021139,0,0,0,0,0,0,0,0,0.84556,0.0676447,0,0,0,7.97351,1.68266,0,0,0,15.4902,2.71425,0,0,0,9.58846,2.15194,0,0,0,0.756776,0.0465057,0,0,0,0.558069,0,0,0,0,9.05578,0,0,0,0,16.1244,0,0,0,0,12.1208,0,0,0,0,1.37826,0,0,0,0,0,0,0,0,0,2.9637,0,0,0,0,12.2181,0,0,0,0,3.19623,0,0,0,0,0.0338223,0,0,0,0,0,0,0,0,0,0,0,0,0,0,0.156428,0,0,0,0,0,0,0,0,0,0,0,0
0,0,0,0,0,0,0,0,0.00297,0,0,0,0.65637,0.13959,0,0,0,0.00297,0.0712801,0,0,0,0,0,0,0,0,0,0,0,0,0,6.51337,1.5236,0,0,0,25.1755,5.53914,0,0,0,10.0535,3.76297,0,0,0,0,0,0,0,0,0,0,0,0,0,4.63025,0,0,0,0,29.9092,0,0,0,0,7.29157,0,0,0,0,0,0,0,0,0,0,0,0,0,0,0.0297,0,0,0,0,4.51145,0,0,0,0,0.0801901,0,0,0,0,0,0,0,0,0,0,0,0,0,0,0,0,0,0,0,0.10395,0,0,0,0,0,0,0,0,0,0,0,0
0,0,0,0,0,0,0,0.0263505,0.0489366,0,0,0,0.523245,0.191982,0,0,0,0.0414079,0.127988,0,0,0,0,0,0,0,0,0.662525,0.124224,0,0,0,7.73557,3.70791,0,0,0,13.9427,5.10443,0,0,0,8.50723,4.41936,0,0,0,1.93488,0.914736,0,0,0,0.459251,0,0,0,0,10.3103,0,0,0,0,13.1145,0,0,0,0,10.8448,0,0,0,0,2.40167,0,0,0,0,0,0,0,0,0,1.80313,0,0,0,0,9.83974,0,0,0,0,2.7367,0,0,0,0,0.222097,0,0,0,0,0,0,0,0,0,0,0,0,0,0,0.252211,0,0,0,0,0,0,0,0,0,0,0,0
0,0,0,0,0,0,0,0,0,0,0,0,0.394382,0,0,0,0,0,0,0,0,0,0,0,0,0,0,0.0595829,0,0,0,0,7.03061,0.587317,0,0,0,20.1568,1.41013,0,0,0,3.53521,0.346148,0,0,0,0.113491,0.00283728,0,0,0,0.0680948,0,0,0,0,12.0382,0,0,0,0,34.7533,0,0,0,0,6.96536,0,0,0,0,0.425592,0,0,0,0,0,0,0,0,0,1.15761,0,0,0,0,9.94724,0,0,0,0,0.802952,0,0,0,0,0.00567456,0,0,0,0,0,0,0,0,0,0,0,0,0,0,0.204284,0,0,0,0,0,0,0,0,0,0,0,0
0,0,0,0,0,0,0,0,0.00318725,0,0,0,0.656572,0.0701195,0,0,0,0.00318725,0,0,0,0,0,0,0,0,0,0.00318725,0,0,0,0,7.27001,1.80399,0,0,0,24.7868,6.58158,0,0,0,9.51698,4.0669,0,0,0,0,0,0,0,0,0,0,0,0,0,5.11548,0,0,0,0,28.2863,0,0,0,0,7.20627,0,0,0,0,0,0,0,0,0,0,0,0,0,0,0.0318725,0,0,0,0,4.44299,0,0,0,0,0.0828685,0,0,0,0,0,0,0,0,0,0,0,0,0,0,0,0,0,0,0,0.0701195,0,0,0,0,0,0,0,0,0,0,0,0
0,0,0,0,0,0,0,0,0.00279501,0,0,0,0.556208,0.0531053,0,0,0,0,0.0279501,0,0,0,0,0,0,0,0,0,0,0,0,0,4.8354,0.626084,0,0,0,25.1843,2.50152,0,0,0,7.67535,1.37235,0,0,0,0.00559003,0,0,0,0,0,0,0,0,0,4.20648,0,0,0,0,41.2241,0,0,0,0,6.84796,0,0,0,0,0.00559003,0,0,0,0,0,0,0,0,0,0.0363352,0,0,0,0,4.64533,0,0,0,0,0.0782604,0,0,0,0,0,0,0,0,0,0,0,0,0,0,0,0,0,0,0,0.114596,0,0,0,0,0,0,0,0,0,0,0,0
0,0,0,0,0,0,0,0,0,0,0,0,0.431676,0,0,0,0,0,0,0,0,0,0,0,0,0,0,0,0,0,0,0,4.16243,0.142939,0,0,0,23.4522,0.523157,0,0,0,3.93374,0.0400229,0,0,0,0.00857633,0,0,0,0,0,0,0,0,0,6.05485,0,0,0,0,49.5585,0,0,0,0,4.5655,0,0,0,0,0.0114351,0,0,0,0,0,0,0,0,0,0.105775,0,0,0,0,6.64945,0,0,0,0,0.174385,0,0,0,0,0,0,0,0,0,0,0,0,0,0,0,0,0,0,0,0.180103,0,0,0,0,0,0,0,0,0,0,0,0
0,0,0,0,0,0,0,0,0.00329153,0,0,0,0.612224,0.049373,0,0,0,0.00329153,0,0,0,0,0,0,0,0,0,0.0131661,0.00329153,0,0,0,8.30462,3.19609,0,0,0,24.2822,8.65348,0,0,0,8.93652,4.59173,0,0,0,0,0,0,0,0,0.00658306,0,0,0,0,5.72734,0,0,0,0,24.8056,0,0,0,0,6.83661,0,0,0,0,0,0,0,0,0,0,0,0,0,0,0.0362068,0,0,0,0,3.77542,0,0,0,0,0.0855798,0,0,0,0,0,0,0,0,0,0,0,0,0,0,0,0,0,0,0,0.0789968,0,0,0,0,0,0,0,0,0,0,0,0
0,0,0,0,0,0,0,0.019861,0,0,0,0,0.411405,0,0,0,0,0.019861,0,0,0,0,0,0,0,0,0,0.499361,0,0,0,0,9.12729,2.18471,0,0,0,17.7699,2.8174,0,0,0,4.35799,1.03561,0,0,0,0.289403,0.0397219,0,0,0,0.539083,0,0,0,0,13.2866,0,0,0,0,27.1812,0,0,0,0,6.78094,0,0,0,0,0.564619,0,0,0,0,0,0,0,0,0,1.97476,0,0,0,0,9.65501,0,0,0,0,1.19166,0,0,0,0,0.019861,0,0,0,0,0,0,0,0,0,0,0,0,0,0,0.235495,0,0,0,0,0,0,0,0,0,0,0,0
0,0,0,0,0,0,0,0,0,0,0,0,0.732703,0.00400384,0,0,0,0.00400384,0,0,0,0,0,0,0,0,0,0.648622,0.0440423,0,0,0,10.5861,3.3552,0,0,0,22.3564,6.27008,0,0,0,8.42017,2.48238,0,0,0,0,0,0,0,0,0.272261,0,0,0,0,8.48023,0,0,0,0,22.3364,0,0,0,0,7.72353,0,0,0,0,0,0,0,0,0,0,0,0,0,0,0.668641,0,0,0,0,5.14495,0,0,0,0,0.36435,0,0,0,0,0,0,0,0,0,0,0,0,0,0,0,0,0,0,0,0.1041,0,0,0,0,0,0,0,0,0,0,0,0
0,0,0,0,0,0,0,0.0252434,0.036062,0,0,0,0.490443,0.0757303,0,0,0,0.0396682,0.0288496,0,0,0,0,0,0,0,0,0.782546,0.162279,0,0,0,8.38818,4.33834,0,0,0,14.5145,5.51039,0,0,0,7.87253,4.25539,0,0,0,1.42084,0.706815,0,0,0,0.504868,0,0,0,0,10.6382,0,0,0,0,14.4208,0,0,0,0,9.98918,0,0,0,0,1.77786,0,0,0,0,0,0,0,0,0,1.86801,0,0,0,0,9.56369,0,0,0,0,2.19979,0,0,0,0,0.133429,0,0,0,0,0,0,0,0,0,0,0,0,0,0,0.25604,0,0,0,0,0,0,0,0,0,0,0,0
0,0,0,0,0,0,0,0.0226713,0.0615365,0,0,0,0.430756,0.0259101,0,0,0,0.0356264,0.00647752,0,0,0,0,0,0,0,0,0.978103,0.249385,0,0,0,9.14933,4.61841,0,0,0,15.5328,5.06859,0,0,0,6.35758,3.24198,0,0,0,0.861509,0.359503,0,0,0,0.615364,0,0,0,0,11.5621,0,0,0,0,18.1755,0,0,0,0,8.38176,0,0,0,0,1.11737,0,0,0,0,0,0,0,0,0,1.94326,0,0,0,0,9.29183,0,0,0,0,1.59024,0,0,0,0,0.080969,0,0,0,0,0,0,0,0,0,0,0,0,0,0,0.239669,0,0,0,0,0,0,0,0,0,0,0,0
0,0,0,0,0,0,0,0,0,0,0,0,0.433227,0,0,0,0,0,0,0,0,0,0,0,0,0,0,0,0,0,0,0,5.33295,0.318631,0,0,0,21.9932,0.927948,0,0,0,3.58598,0.173291,0,0,0,0.0586953,0,0,0,0,0,0,0,0,0,8.37136,0,0,0,0,43.461,0,0,0,0,5.82771,0,0,0,0,0.184471,0,0,0,0,0,0,0,0,0,0.505897,0,0,0,0,8.25955,0,0,0,0,0.382917,0,0,0,0,0,0,0,0,0,0,0,0,0,0,0,0,0,0,0,0.184471,0,0,0,0,0,0,0,0,0,0,0,0
0,0,0,0,0,0,0,0,0.00299303,0,0,0,0.643501,0.0927838,0,0,0,0.00299303,0.0628535,0,0,0,0,0,0,0,0,0,0,0,0,0,5.45637,0.823084,0,0,0,25.9234,3.81315,0,0,0,9.93076,2.55306,0,0,0,0,0,0,0,0,0,0,0,0,0,4.1394,0,0,0,0,34.0227,0,0,0,0,7.70419,0,0,0,0,0,0,0,0,0,0,0,0,0,0,0.0269372,0,0,0,0,4.60034,0,0,0,0,0.0838047,0,0,0,0,0,0,0,0,0,0,0,0,0,0,0,0,0,0,0,0.113735,0,0,0,0,0,0,0,0,0,0,0,0
0,0,0,0,0,0,0,0.0203824,0.0407647,0,0,0,0.558478,0.309812,0,0,0,0.0448412,0.252742,0,0,0,0,0,0,0,0,0.50956,0.0652236,0,0,0,7.09308,2.95952,0,0,0,13.3539,4.39852,0,0,0,9.05374,4.1417,0,0,0,2.44181,0.974279,0,0,0,0.391342,0,0,0,0,10.138,0,0,0,0,12.5713,0,0,0,0,11.4464,0,0,0,0,3.02475,0,0,0,0,0,0,0,0,0,1.77327,0,0,0,0,10.3458,0,0,0,0,3.48947,0,0,0,0,0.346501,0,0,0,0,0,0,0,0,0,0,0,0,0,0,0.252742,0,0,0,0,0,0,0,0,0,0,0,0
0,0,0,0,0,0,0,0,0.0217344,0,0,0,0.582482,0.217344,0,0,0,0,0.173875,0,0,0,0,0,0,0,0,0.40426,0.0260813,0,0,0,6.50724,1.97783,0,0,0,13.2057,3.1167,0,0,0,9.60654,3.06888,0,0,0,2.28211,0.430341,0,0,0,0.395566,0,0,0,0,10.2194,0,0,0,0,14.3316,0,0,0,0,12.4755,0,0,0,0,3.45141,0,0,0,0,0,0,0,0,0,1.7344,0,0,0,0,11.0149,0,0,0,0,4.31208,0,0,0,0,0.312975,0,0,0,0,0,0,0,0,0,0,0,0,0,0,0.130406,0,0,0,0,0,0,0,0,0,0,0,0
0,0,0,0,0,0,0,0,0.00894214,0,0,0,0.675131,0.160959,0,0,0,0,0.116248,0,0,0,0,0,0,0,0,0.442636,0.0223554,0,0,0,6.80064,1.69453,0,0,0,13.7529,2.71841,0,0,0,9.68892,2.48591,0,0,0,1.72136,0.232496,0,0,0,0.393454,0,0,0,0,9.86328,0,0,0,0,14.7812,0,0,0,0,12.7559,0,0,0,0,3.05374,0,0,0,0,0,0,0,0,0,2.12823,0,0,0,0,11.7857,0,0,0,0,4.37272,0,0,0,0,0.196727,0,0,0,0,0,0,0,0,0,0,0,0,0,0,0.147545,0,0,0,0,0,0,0,0,0,0,0,0
0,0,0,0,0,0,0,0,0.0258398,0,0,0,0.529716,0.258398,0,0,0,0.0129199,0.236865,0,0,0,0,0,0,0,0,0.404824,0.0301464,0,0,0,6.54184,2.25668,0,0,0,13.1442,3.55295,0,0,0,9.38002,3.60894,0,0,0,2.67872,0.650301,0,0,0,0.370371,0,0,0,0,10.1466,0,0,0,0,13.6868,0,0,0,0,12.1751,0,0,0,0,3.47113,0,0,0,0,0,0,0,0,0,1.6193,0,0,0,0,10.6677,0,0,0,0,4.03529,0,0,0,0,0.378984,0,0,0,0,0,0,0,0,0,0,0,0,0,0,0.137812,0,0,0,0,0,0,0,0,0,0,0,0
0,0,0,0,0,0,0,0,0.00920132,0,0,0,0.763709,0.0644093,0,0,0,0,0.00460066,0,0,0,0,0,0,0,0,0.874125,0.0460066,0,0,0,8.36391,1.28358,0,0,0,16.8611,2.36474,0,0,0,8.99418,1.48601,0,0,0,0.372654,0.013802,0,0,0,0.533677,0,0,0,0,8.99418,0,0,0,0,17.7352,0,0,0,0,12.0673,0,0,0,0,0.671696,0,0,0,0,0,0,0,0,0,3.2987,0,0,0,0,12.417,0,0,0,0,2.60858,0,0,0,0,0.00460066,0,0,0,0,0,0,0,0,0,0,0,0,0,0,0.165624,0,0,0,0,0,0,0,0,0,0,0,0
0,0,0,0,0,0,0,0.0180979,0,0,0,0,0.416252,0,0,0,0,0,0,0,0,0,0,0,0,0,0,0.159865,0,0,0,0,8.34934,1.02856,0,0,0,18.8729,1.83091,0,0,0,3.78242,0.512775,0,0,0,0.150816,0.00603264,0,0,0,0.153832,0,0,0,0,13.414,0,0,0,0,30.7902,0,0,0,0,6.73251,0,0,0,0,0.413236,0,0,0,0,0,0,0,0,0,1.82488,0,0,0,0,10.1924,0,0,0,0,1.08587,0,0,0,0,0.0150816,0,0,0,0,0,0,0,0,0,0,0,0,0,0,0.247338,0,0,0,0,0,0,0,0,0,0,0,0
0,0,0,0,0,0,0,0,0.00294724,0,0,0,0.598291,0.0795756,0,0,0,0,0.0442087,0,0,0,0,0,0,0,0,0,0,0,0,0,4.87187,0.671973,0,0,0,26.0013,2.92074,0,0,0,8.76222,1.85086,0,0,0,0,0,0,0,0,0,0,0,0,0,3.79904,0,0,0,0,38.4884,0,0,0,0,7.28279,0,0,0,0,0,0,0,0,0,0,0,0,0,0,0.023578,0,0,0,0,4.42388,0,0,0,0,0.0648394,0,0,0,0,0,0,0,0,0,0,0,0,0,0,0,0,0,0,0,0.111995,0,0,0,0,0,0,0,0,0,0,0,0
0,0,0,0,0,0,0,0,0.00345781,0,0,0,0.580914,0.055325,0,0,0,0.00345781,0,0,0,0,0,0,0,0,0,0.00345781,0,0,0,0,7.74225,2.38588,0,0,0,25.2398,7.8944,0,0,0,9.14275,4.50554,0,0,0,0,0,0,0,0,0,0,0,0,0,5.20406,0,0,0,0,26.298,0,0,0,0,6.83625,0,0,0,0,0,0,0,0,0,0,0,0,0,0,0.0242047,0,0,0,0,3.96609,0,0,0,0,0.0622407,0,0,0,0,0,0,0,0,0,0,0,0,0,0,0,0,0,0,0,0.055325,0,0,0,0,0,0,0,0,0,0,0,0
0,0,0,0,0,0,0,0,0.034775,0,0,0,0.773746,0.0391219,0,0,0,0.00434688,0.00434688,0,0,0,0,0,0,0,0,0.891113,0.0434688,0,0,0,11.0671,2.83416,0,0,0,22.3167,5.3249,0,0,0,8.06776,1.83438,0,0,0,0,0,0,0,0,0.312975,0,0,0,0,8.66328,0,0,0,0,22.1994,0,0,0,0,7.88085,0,0,0,0,0,0,0,0,0,0.00869376,0,0,0,0,1.15627,0,0,0,0,5.91607,0,0,0,0,0.521625,0,0,0,0,0,0,0,0,0,0,0,0,0,0,0,0,0,0,0,0.104325,0,0,0,0,0,0,0,0,0,0,0,0
0,0,0,0,0,0,0,0,0.00464511,0,0,0,0.729282,0.111483,0,0,0,0,0.0464511,0,0,0,0,0,0,0,0,0.464511,0.00929023,0,0,0,7.05608,1.36566,0,0,0,14.419,2.35507,0,0,0,9.59244,1.89985,0,0,0,1.18915,0.0743218,0,0,0,0.371609,0,0,0,0,9.65283,0,0,0,0,15.5989,0,0,0,0,12.9696,0,0,0,0,2.21572,0,0,0,0,0,0,0,0,0,2.55017,0,0,0,0,12.7745,0,0,0,0,4.28281,0,0,0,0,0.0975474,0,0,0,0,0,0,0,0,0,0,0,0,0,0,0.171869,0,0,0,0,0,0,0,0,0,0,0,0
0,0,0,0,0,0,0,0.0248201,0.0567316,0,0,0,0.471581,0.0283658,0,0,0,0.0390029,0.00709144,0,0,0,0,0,0,0,0,0.861609,0.191469,0,0,0,9.07713,4.82222,0,0,0,15.2219,5.58101,0,0,0,7.07023,3.73722,0,0,0,1.01053,0.475127,0,0,0,0.528313,0,0,0,0,11.0876,0,0,0,0,16.0942,0,0,0,0,8.82893,0,0,0,0,1.22327,0,0,0,0,0,0,0,0,0,1.94306,0,0,0,0,9.52745,0,0,0,0,1.75159,0,0,0,0,0.0886431,0,0,0,0,0,0,0,0,0,0,0,0,0,0,0.251746,0,0,0,0,0,0,0,0,0,0,0,0
0,0,0,0,0,0,0,0,0,0,0,0,0.451947,0,0,0,0,0,0,0,0,0,0,0,0,0,0,0,0,0,0,0,4.19328,0.149651,0,0,0,23.0714,0.472898,0,0,0,3.15766,0.0538745,0,0,0,0.0179582,0,0,0,0,0,0,0,0,0,6.64763,0,0,0,0,49.1871,0,0,0,0,4.65122,0,0,0,0,0.0389093,0,0,0,0,0,0,0,0,0,0.188561,0,0,0,0,7.33005,0,0,0,0,0.203526,0,0,0,0,0,0,0,0,0,0,0,0,0,0,0,0,0,0,0,0.188561,0,0,0,0,0,0,0,0,0,0,0,0
0,0,0,0,0,0,0,0,0.0251351,0,0,0,0.544594,0.280675,0,0,0,0.0377026,0.284864,0,0,0,0,0,0,0,0,0.385405,0.0377026,0,0,0,6.69842,2.43391,0,0,0,13.1333,3.90015,0,0,0,9.3586,4.00069,0,0,0,2.99108,0.883919,0,0,0,0.31,0,0,0,0,9.79849,0,0,0,0,12.8903,0,0,0,0,11.7759,0,0,0,0,3.28433,0,0,0,0,0,0,0,0,0,1.67567,0,0,0,0,10.5526,0,0,0,0,3.98813,0,0,0,0,0.523648,0,0,0,0,0,0,0,0,0,0,0,0,0,0,0.20527,0,0,0,0,0,0,0,0,0,0,0,0
0,0,0,0,0,0,0,0,0,0,0,0,0.404593,0,0,0,0,0,0,0,0,0,0,0,0,0,0,0,0,0,0,0,5.92583,0.177399,0,0,0,21.2162,0.616227,0,0,0,2.76994,0.118266,0,0,0,0.0311226,0,0,0,0,0,0,0,0,0,11.1665,0,0,0,0,39.1241,0,0,0,0,6.45492,0,0,0,0,0.196072,0,0,0,0,0,0,0,0,0,0.862095,0,0,0,0,10.1022,0,0,0,0,0.616227,0,0,0,0,0,0,0,0,0,0,0,0,0,0,0,0,0,0,0,0.22097,0,0,0,0,0,0,0,0,0,0,0,0
0,0,0,0,0,0,0,0,0.0273411,0,0,0,0.747322,0.059239,0,0,0,0.00455685,0.00455685,0,0,0,0,0,0,0,0,1.19845,0.0774664,0,0,0,10.116,1.95034,0,0,0,20.7421,3.54981,0,0,0,8.22496,1.3944,0,0,0,0.0182274,0,0,0,0,0.209615,0,0,0,0,9.13629,0,0,0,0,21.3162,0,0,0,0,9.57373,0,0,0,0,0.0455685,0,0,0,0,0.00455685,0,0,0,0,2.23742,0,0,0,0,8.21585,0,0,0,0,1.0025,0,0,0,0,0,0,0,0,0,0,0,0,0,0,0,0,0,0,0,0.141262,0,0,0,0,0,0,0,0,0,0,0,0
0,0,0,0,0,0,0,0,0,0,0,0,0.44465,0,0,0,0,0,0,0,0,0,0,0,0,0,0,0,0,0,0,0,5.13202,0.111163,0,0,0,22.3167,0.398332,0,0,0,2.89021,0.0586691,0,0,0,0.0185271,0,0,0,0,0,0,0,0,0,8.89011,0,0,0,0,43.3297,0,0,0,0,5.93181,0,0,0,0,0.120426,0,0,0,0,0,0,0,0,0,0.583604,0,0,0,0,9.13097,0,0,0,0,0.426123,0,0,0,0,0,0,0,0,0,0,0,0,0,0,0,0,0,0,0,0.213062,0,0,0,0,0,0,0,0,0,0,0,0
0,0,0,0,0,0,0,0,0.0033184,0,0,0,0.663681,0.129418,0,0,0,0.0033184,0.0464576,0,0,0,0,0,0,0,0,0,0,0,0,0,6.55705,1.59948,0,0,0,26.0049,6.30486,0,0,0,9.81921,3.99531,0,0,0,0,0,0,0,0,0,0,0,0,0,4.32051,0,0,0,0,28.8524,0,0,0,0,6.99506,0,0,0,0,0,0,0,0,0,0,0,0,0,0,0.0199104,0,0,0,0,4.53952,0,0,0,0,0.0530944,0,0,0,0,0,0,0,0,0,0,0,0,0,0,0,0,0,0,0,0.0962336,0,0,0,0,0,0,0,0,0,0,0,0
0,0,0,0,0,0,0,0.0290577,0.0290577,0,0,0,0.543795,0.132835,0,0,0,0.0456621,0.0581154,0,0,0,0,0,0,0,0,0.585306,0.116231,0,0,0,8.32691,4.01827,0,0,0,14.529,5.49183,0,0,0,8.48881,4.49147,0,0,0,1.63554,0.809465,0,0,0,0.373599,0,0,0,0,10.1161,0,0,0,0,13.2421,0,0,0,0,10.3901,0,0,0,0,1.95932,0,0,0,0,0,0,0,0,0,1.84724,0,0,0,0,9.82139,0,0,0,0,2.48651,0,0,0,0,0.153591,0,0,0,0,0,0,0,0,0,0,0,0,0,0,0.278124,0,0,0,0,0,0,0,0,0,0,0,0
0,0,0,0,0,0,0,0,0.00329153,0,0,0,0.678055,0.105329,0,0,0,0.00329153,0.0789968,0,0,0,0,0,0,0,0,0,0,0,0,0,5.51338,0.875548,0,0,0,26.8533,4.42057,0,0,0,10.3715,3.05126,0,0,0,0,0,0,0,0,0,0,0,0,0,3.75896,0,0,0,0,32.0548,0,0,0,0,7.32048,0,0,0,0,0,0,0,0,0,0,0,0,0,0,0.0197492,0,0,0,0,4.73327,0,0,0,0,0.0526645,0,0,0,0,0,0,0,0,0,0,0,0,0,0,0,0,0,0,0,0.108621,0,0,0,0,0,0,0,0,0,0,0,0
0,0,0,0,0,0,0,0,0,0,0,0,0.791045,0.0547264,0,0,0,0,0.00995025,0,0,0,0,0,0,0,0,0.482586,0.00995025,0,0,0,7.32349,1.0398,0,0,0,15.4333,2.01989,0,0,0,9.36834,1.33831,0,0,0,0.691542,0.0248756,0,0,0,0.353234,0,0,0,0,9.39322,0,0,0,0,16.7864,0,0,0,0,12.9954,0,0,0,0,1.39303,0,0,0,0,0,0,0,0,0,2.95023,0,0,0,0,13.4929,0,0,0,0,3.83082,0,0,0,0,0.039801,0,0,0,0,0,0,0,0,0,0,0,0,0,0,0.179104,0,0,0,0,0,0,0,0,0,0,0,0
0,0,0,0,0,0,0,0,0,0,0,0,0.766378,0.0163059,0,0,0,0.00407647,0,0,0,0,0,0,0,0,0,0.077453,0.0203824,0,0,0,9.45319,3.89712,0,0,0,24.9991,8.43011,0,0,0,8.4831,3.5017,0,0,0,0,0,0,0,0,0.0203824,0,0,0,0,6.78734,0,0,0,0,23.226,0,0,0,0,6.31854,0,0,0,0,0,0,0,0,0,0,0,0,0,0,0.0448412,0,0,0,0,3.75036,0,0,0,0,0.0978354,0,0,0,0,0,0,0,0,0,0,0,0,0,0,0,0,0,0,0,0.101912,0,0,0,0,0,0,0,0,0,0,0,0
0,0,0,0,0,0,0,0.0310036,0.0354327,0,0,0,0.580212,0.274604,0,0,0,0.04872,0.181593,0,0,0,0,0,0,0,0,0.43848,0.0531491,0,0,0,7.58686,3.23324,0,0,0,13.9201,4.85425,0,0,0,9.11039,4.46451,0,0,0,2.17912,0.98326,0,0,0,0.318895,0,0,0,0,9.88101,0,0,0,0,12.4365,0,0,0,0,11.0635,0,0,0,0,2.59102,0,0,0,0,0,0,0,0,0,1.7805,0,0,0,0,10.2663,0,0,0,0,3.15795,0,0,0,0,0.252458,0,0,0,0,0,0,0,0,0,0,0,0,0,0,0.274604,0,0,0,0,0,0,0,0,0,0,0,0
0,0,0,0,0,0,0,0.023612,0.0337314,0,0,0,0.421642,0.0134925,0,0,0,0.0371045,0,0,0,0,0,0,0,0,0,0.947853,0.0404776,0,0,0,9.78212,3.4035,0,0,0,16.8891,3.70371,0,0,0,4.999,1.55839,0,0,0,0.391284,0.0674627,0,0,0,0.691494,0,0,0,0,13.1047,0,0,0,0,22.5814,0,0,0,0,7.19829,0,0,0,0,0.620658,0,0,0,0,0,0,0,0,0,1.99353,0,0,0,0,9.94741,0,0,0,0,1.25818,0,0,0,0,0.023612,0,0,0,0,0,0,0,0,0,0,0,0,0,0,0.266478,0,0,0,0,0,0,0,0,0,0,0,0
0,0,0,0,0,0,0,0,0,0,0,0,0.487649,0,0,0,0,0,0,0,0,0,0,0,0,0,0,0,0,0,0,0,3.3944,0.101992,0,0,0,26.0393,0.529083,0,0,0,4.77127,0.0669323,0,0,0,0,0,0,0,0,0,0,0,0,0,3.86292,0,0,0,0,50.1325,0,0,0,0,4.70115,0,0,0,0,0,0,0,0,0,0,0,0,0,0,0.0159363,0,0,0,0,5.67642,0,0,0,0,0.0541833,0,0,0,0,0,0,0,0,0,0,0,0,0,0,0,0,0,0,0,0.175299,0,0,0,0,0,0,0,0,0,0,0,0
0,0,0,0,0,0,0,0,0,0,0,0,0.73035,0.02705,0,0,0,0.00386429,0,0,0,0,0,0,0,0,0,0.0193214,0.00386429,0,0,0,8.81444,3.80632,0,0,0,25.5236,9.27816,0,0,0,8.55167,4.01113,0,0,0,0,0,0,0,0,0.00386429,0,0,0,0,5.85053,0,0,0,0,23.6108,0,0,0,0,6.02056,0,0,0,0,0,0,0,0,0,0,0,0,0,0,0.02705,0,0,0,0,3.55128,0,0,0,0,0.0695571,0,0,0,0,0,0,0,0,0,0,0,0,0,0,0,0,0,0,0,0.0966072,0,0,0,0,0,0,0,0,0,0,0,0
0,0,0,0,0,0,0,0.02249,0,0,0,0,0.398393,0,0,0,0,0.0353414,0,0,0,0,0,0,0,0,0,0.92209,0.0128514,0,0,0,9.77367,3.00403,0,0,0,17.1245,3.24821,0,0,0,4.55909,1.19197,0,0,0,0.295582,0.0449799,0,0,0,0.719679,0,0,0,0,13.5328,0,0,0,0,24.7369,0,0,0,0,6.71817,0,0,0,0,0.504417,0,0,0,0,0,0,0,0,0,1.91485,0,0,0,0,9.82508,0,0,0,0,1.13735,0,0,0,0,0.0160643,0,0,0,0,0,0,0,0,0,0,0,0,0,0,0.260241,0,0,0,0,0,0,0,0,0,0,0,0
0,0,0,0,0,0,0,0.0250304,0.0357577,0,0,0,0.446971,0.0178789,0,0,0,0.0393335,0.00715154,0,0,0,0,0,0,0,0,0.951152,0.143031,0,0,0,9.78672,3.72955,0,0,0,16.6551,4.18725,0,0,0,5.52103,2.04177,0,0,0,0.53279,0.132304,0,0,0,0.622183,0,0,0,0,12.4825,0,0,0,0,20.3995,0,0,0,0,7.67366,0,0,0,0,0.765213,0,0,0,0,0,0,0,0,0,2.0811,0,0,0,0,10.012,0,0,0,0,1.39813,0,0,0,0,0.0357577,0,0,0,0,0,0,0,0,0,0,0,0,0,0,0.275334,0,0,0,0,0,0,0,0,0,0,0,0
0,0,0,0,0,0,0,0.0064257,0,0,0,0,0.424096,0,0,0,0,0,0,0,0,0,0,0,0,0,0,0.0321285,0,0,0,0,7.16798,0.305221,0,0,0,20.1598,0.873897,0,0,0,3.03937,0.183133,0,0,0,0.0417671,0,0,0,0,0.0481928,0,0,0,0,13.0798,0,0,0,0,34.9221,0,0,0,0,6.60572,0,0,0,0,0.240964,0,0,0,0,0,0,0,0,0,1.31084,0,0,0,0,10.5159,0,0,0,0,0.800001,0,0,0,0,0,0,0,0,0,0,0,0,0,0,0,0,0,0,0,0.237751,0,0,0,0,0,0,0,0,0,0,0,0
0,0,0,0,0,0,0,0,0,0,0,0,0.545019,0.00318725,0,0,0,0,0,0,0,0,0,0,0,0,0,0,0,0,0,0,3.70037,0.172112,0,0,0,26.7373,1.00079,0,0,0,6.02701,0.299602,0,0,0,0,0,0,0,0,0,0,0,0,0,3.55695,0,0,0,0,47.224,0,0,0,0,5.35452,0,0,0,0,0,0,0,0,0,0,0,0,0,0,0.0191235,0,0,0,0,5.16966,0,0,0,0,0.050996,0,0,0,0,0,0,0,0,0,0,0,0,0,0,0,0,0,0,0,0.146614,0,0,0,0,0,0,0,0,0,0,0,0
0,0,0,0,0,0,0,0,0,0,0,0,0.465863,0,0,0,0,0,0,0,0,0,0,0,0,0,0,0,0,0,0,0,3.25464,0.0417671,0,0,0,25.3793,0.2249,0,0,0,3.78477,0.00321285,0,0,0,0,0,0,0,0,0,0,0,0,0,4.06108,0,0,0,0,52.3342,0,0,0,0,4.13498,0,0,0,0,0,0,0,0,0,0,0,0,0,0,0.0257028,0,0,0,0,6.04667,0,0,0,0,0.0610442,0,0,0,0,0,0,0,0,0,0,0,0,0,0,0,0,0,0,0,0.170281,0,0,0,0,0,0,0,0,0,0,0,0
0,0,0,0,0,0,0,0,0,0,0,0,0.770811,0.00837837,0,0,0,0.00418918,0,0,0,0,0,0,0,0,0,0.364459,0.0167567,0,0,0,10.6113,4.13474,0,0,0,23.9739,7.30583,0,0,0,8.03472,2.55959,0,0,0,0,0,0,0,0,0.150811,0,0,0,0,7.9635,0,0,0,0,22.7676,0,0,0,0,6.4764,0,0,0,0,0,0,0,0,0,0,0,0,0,0,0.192702,0,0,0,0,4.35676,0,0,0,0,0.196892,0,0,0,0,0,0,0,0,0,0,0,0,0,0,0,0,0,0,0,0.108919,0,0,0,0,0,0,0,0,0,0,0,0
0,0,0,0,0,0,0,0,0.00363702,0,0,0,0.603745,0.0800145,0,0,0,0.00363702,0,0,0,0,0,0,0,0,0,0,0,0,0,0,7.33211,1.89126,0,0,0,25.9987,7.19391,0,0,0,9.05611,4.05896,0,0,0,0,0,0,0,0,0,0,0,0,0,4.7936,0,0,0,0,27.8356,0,0,0,0,6.84114,0,0,0,0,0,0,0,0,0,0,0,0,0,0,0.0218221,0,0,0,0,4.1717,0,0,0,0,0.0581924,0,0,0,0,0,0,0,0,0,0,0,0,0,0,0,0,0,0,0,0.0581924,0,0,0,0,0,0,0,0,0,0,0,0
0,0,0,0,0,0,0,0.0280269,0.0400384,0,0,0,0.524504,0.0240231,0,0,0,0.0440423,0.00800769,0,0,0,0,0,0,0,0,0.692664,0.136131,0,0,0,8.97666,4.63644,0,0,0,15.1781,5.81762,0,0,0,7.76357,4.13194,0,0,0,1.1491,0.552531,0,0,0,0.408392,0,0,0,0,10.6101,0,0,0,0,14.5856,0,0,0,0,9.30495,0,0,0,0,1.38133,0,0,0,0,0,0,0,0,0,1.91384,0,0,0,0,9.75735,0,0,0,0,1.95789,0,0,0,0,0.100096,0,0,0,0,0,0,0,0,0,0,0,0,0,0,0.276265,0,0,0,0,0,0,0,0,0,0,0,0
0,0,0,0,0,0,0,0,0.0101518,0,0,0,0.796913,0.0355312,0,0,0,0,0.00507588,0,0,0,0,0,0,0,0,0.857823,0.0203035,0,0,0,8.62901,0.893354,0,0,0,18.3384,2.00498,0,0,0,8.12147,0.923809,0,0,0,0.116745,0,0,0,0,0.416222,0,0,0,0,9.0655,0,0,0,0,19.6884,0,0,0,0,11.4916,0,0,0,0,0.248718,0,0,0,0,0,0,0,0,0,3.64451,0,0,0,0,12.2986,0,0,0,0,2.21817,0,0,0,0,0,0,0,0,0,0,0,0,0,0,0,0,0,0,0,0.17258,0,0,0,0,0,0,0,0,0,0,0,0
0,0,0,0,0,0,0,0,0,0,0,0,0.481927,0,0,0,0,0,0,0,0,0,0,0,0,0,0,0,0,0,0,0,4.01931,0.0449799,0,0,0,23.2883,0.154217,0,0,0,2.62169,0.0128514,0,0,0,0.0064257,0,0,0,0,0,0,0,0,0,6.84991,0,0,0,0,48.4895,0,0,0,0,4.88359,0,0,0,0,0.0257028,0,0,0,0,0,0,0,0,0,0.292369,0,0,0,0,8.31821,0,0,0,0,0.298795,0,0,0,0,0,0,0,0,0,0,0,0,0,0,0,0,0,0,0,0.20241,0,0,0,0,0,0,0,0,0,0,0,0
0,0,0,0,0,0,0,0,0,0,0,0,0.681835,0.0306443,0,0,0,0.00383054,0,0,0,0,0,0,0,0,0,0.00766107,0,0,0,0,8.28532,3.19081,0,0,0,26.2268,9.24688,0,0,0,8.71438,4.27482,0,0,0,0,0,0,0,0,0,0,0,0,0,5.37799,0,0,0,0,24.2888,0,0,0,0,6.02533,0,0,0,0,0,0,0,0,0,0,0,0,0,0,0.0229832,0,0,0,0,3.47043,0,0,0,0,0.0612886,0,0,0,0,0,0,0,0,0,0,0,0,0,0,0,0,0,0,0,0.0881023,0,0,0,0,0,0,0,0,0,0,0,0
0,0,0,0,0,0,0,0,0.00337314,0,0,0,0.640897,0.0877016,0,0,0,0.00337314,0.050597,0,0,0,0,0,0,0,0,0,0,0,0,0,4.53351,0.441881,0,0,0,27.4845,2.84693,0,0,0,9.65057,1.82824,0,0,0,0,0,0,0,0,0,0,0,0,0,3.3664,0,0,0,0,36.6839,0,0,0,0,7.44453,0,0,0,0,0,0,0,0,0,0,0,0,0,0,0.0168657,0,0,0,0,4.75951,0,0,0,0,0.0337314,0,0,0,0,0,0,0,0,0,0,0,0,0,0,0,0,0,0,0,0.114687,0,0,0,0,0,0,0,0,0,0,0,0
0,0,0,0,0,0,0,0.0232288,0,0,0,0,0.408163,0,0,0,0,0.0232288,0,0,0,0,0,0,0,0,0,0.401526,0,0,0,0,9.52715,1.6028,0,0,0,17.8872,2.17688,0,0,0,3.98868,0.680273,0,0,0,0.159283,0.0066368,0,0,0,0.457939,0,0,0,0,14.0673,0,0,0,0,28.0327,0,0,0,0,6.63005,0,0,0,0,0.371661,0,0,0,0,0,0,0,0,0,1.9811,0,0,0,0,10.2573,0,0,0,0,1.04198,0,0,0,0,0.0066368,0,0,0,0,0,0,0,0,0,0,0,0,0,0,0.272109,0,0,0,0,0,0,0,0,0,0,0,0
0,0,0,0,0,0,0,0.0263505,0.0376435,0,0,0,0.46678,0.0150574,0,0,0,0.0414079,0.0075287,0,0,0,0,0,0,0,0,0.929793,0.210804,0,0,0,9.85103,4.60004,0,0,0,16.3066,4.87858,0,0,0,6.16216,2.61624,0,0,0,0.636175,0.225861,0,0,0,0.538303,0,0,0,0,11.7783,0,0,0,0,18.1252,0,0,0,0,7.98777,0,0,0,0,0.824392,0,0,0,0,0,0,0,0,0,2.10052,0,0,0,0,9.8435,0,0,0,0,1.47186,0,0,0,0,0.0414079,0,0,0,0,0,0,0,0,0,0,0,0,0,0,0.274798,0,0,0,0,0,0,0,0,0,0,0,0
0,0,0,0,0,0,0,0,0,0,0,0,0.555048,0.00652997,0,0,0,0,0.00652997,0,0,0,0,0,0,0,0,0,0,0,0,0,3.75143,0.212224,0,0,0,27.353,1.36803,0,0,0,7.15346,0.525663,0,0,0,0,0,0,0,0,0,0,0,0,0,3.18987,0,0,0,0,44.8881,0,0,0,0,6.04993,0,0,0,0,0,0,0,0,0,0,0,0,0,0,0.00979496,0,0,0,0,4.7962,0,0,0,0,0.0293849,0,0,0,0,0,0,0,0,0,0,0,0,0,0,0,0,0,0,0,0.11101,0,0,0,0,0,0,0,0,0,0,0,0
0,0,0,0,0,0,0,0,0,0,0,0,0.474531,0,0,0,0,0,0,0,0,0,0,0,0,0,0,0,0,0,0,0,3.01973,0,0,0,0,24.6509,0.0365024,0,0,0,2.97991,0,0,0,0,0,0,0,0,0,0,0,0,0,0,4.35369,0,0,0,0,53.9956,0,0,0,0,3.64357,0,0,0,0,0,0,0,0,0,0,0,0,0,0,0.0398208,0,0,0,0,6.54377,0,0,0,0,0.0796416,0,0,0,0,0,0,0,0,0,0,0,0,0,0,0,0,0,0,0,0.189149,0,0,0,0,0,0,0,0,0,0,0,0
0,0,0,0,0,0,0,0,0,0,0,0,0.808249,0.00464511,0,0,0,0.00464511,0,0,0,0,0,0,0,0,0,0.469156,0.0278707,0,0,0,11.0464,3.46525,0,0,0,24.1121,6.41967,0,0,0,7.98515,2.02527,0,0,0,0,0,0,0,0,0.213675,0,0,0,0,8.38,0,0,0,0,23.0253,0,0,0,0,6.67051,0,0,0,0,0,0,0,0,0,0,0,0,0,0,0.283352,0,0,0,0,4.69624,0,0,0,0,0.241546,0,0,0,0,0,0,0,0,0,0,0,0,0,0,0,0,0,0,0,0.120773,0,0,0,0,0,0,0,0,0,0,0,0
0,0,0,0,0,0,0,0,0,0,0,0,0.821163,0.033067,0,0,0,0,0.00551116,0,0,0,0,0,0,0,0,0.518049,0,0,0,0,7.59442,0.666851,0,0,0,16.7596,1.60375,0,0,0,8.4652,0.782585,0,0,0,0.308625,0,0,0,0,0.325159,0,0,0,0,9.36905,0,0,0,0,18.3906,0,0,0,0,12.9404,0,0,0,0,0.650317,0,0,0,0,0,0,0,0,0,3.32871,0,0,0,0,14.0481,0,0,0,0,3.19645,0,0,0,0,0.00551116,0,0,0,0,0,0,0,0,0,0,0,0,0,0,0.187379,0,0,0,0,0,0,0,0,0,0,0,0
0,0,0,0,0,0,0,0,0.0100503,0,0,0,0.58794,0.18593,0,0,0,0.0150754,0.190955,0,0,0,0,0,0,0,0,0.201005,0.00502513,0,0,0,6.39187,1.60302,0,0,0,13.3313,3.01509,0,0,0,9.81886,2.91458,0,0,0,2.67338,0.492462,0,0,0,0.140703,0,0,0,0,9.68319,0,0,0,0,13.9443,0,0,0,0,12.7785,0,0,0,0,3.63318,0,0,0,0,0,0,0,0,0,1.7588,0,0,0,0,11.3816,0,0,0,0,4.61305,0,0,0,0,0.472361,0,0,0,0,0,0,0,0,0,0,0,0,0,0,0.155779,0,0,0,0,0,0,0,0,0,0,0,0
0,0,0,0,0,0,0,0,0,0,0,0,0.445801,0,0,0,0,0,0,0,0,0,0,0,0,0,0,0,0,0,0,0,4.82496,0.00342924,0,0,0,22.0886,0.0823017,0,0,0,2.32846,0.0274339,0,0,0,0,0,0,0,0,0,0,0,0,0,9.39637,0,0,0,0,43.4196,0,0,0,0,5.80234,0,0,0,0,0.058297,0,0,0,0,0,0,0,0,0,0.634408,0,0,0,0,10.144,0,0,0,0,0.507527,0,0,0,0,0,0,0,0,0,0,0,0,0,0,0,0,0,0,0,0.240046,0,0,0,0,0,0,0,0,0,0,0,0
0,0,0,0,0,0,0,0.0210963,0,0,0,0,0.386765,0,0,0,0,0,0,0,0,0,0,0,0,0,0,0.0527408,0,0,0,0,8.37537,0.544988,0,0,0,18.9161,1.14975,0,0,0,3.28045,0.270736,0,0,0,0.0632889,0,0,0,0,0.0879013,0,0,0,0,14.3353,0,0,0,0,32.021,0,0,0,0,6.52585,0,0,0,0,0.235575,0,0,0,0,0,0,0,0,0,1.77562,0,0,0,0,10.7523,0,0,0,0,0.921208,0,0,0,0,0,0,0,0,0,0,0,0,0,0,0,0,0,0,0,0.281284,0,0,0,0,0,0,0,0,0,0,0,0
0,0,0,0,0,0,0,0,0.00396825,0,0,0,0.674603,0.0595238,0,0,0,0.00396825,0,0,0,0,0,0,0,0,0,0,0,0,0,0,7.67854,2.45237,0,0,0,27.3876,8.76187,0,0,0,8.91267,4.36507,0,0,0,0,0,0,0,0,0,0,0,0,0,4.7857,0,0,0,0,25.3593,0,0,0,0,5.96427,0,0,0,0,0,0,0,0,0,0,0,0,0,0,0.0198413,0,0,0,0,3.47221,0,0,0,0,0.0357143,0,0,0,0,0,0,0,0,0,0,0,0,0,0,0,0,0,0,0,0.0674603,0,0,0,0,0,0,0,0,0,0,0,0
0,0,0,0,0,0,0,0,0.00366824,0,0,0,0.693299,0.113716,0,0,0,0.00366824,0.0843696,0,0,0,0,0,0,0,0,0,0,0,0,0,5.45839,0.884048,0,0,0,27.7665,5.03287,0,0,0,10.2342,3.42982,0,0,0,0,0,0,0,0,0,0,0,0,0,3.55821,0,0,0,0,30.5467,0,0,0,0,7.11647,0,0,0,0,0,0,0,0,0,0,0,0,0,0,0.0183412,0,0,0,0,4.90081,0,0,0,0,0.0330142,0,0,0,0,0,0,0,0,0,0,0,0,0,0,0,0,0,0,0,0.117384,0,0,0,0,0,0,0,0,0,0,0,0
0,0,0,0,0,0,0,0,0,0,0,0,0.56797,0.010203,0,0,0,0,0.010203,0,0,0,0,0,0,0,0,0,0,0,0,0,3.65611,0.251675,0,0,0,27.761,1.76514,0,0,0,8.32884,0.843454,0,0,0,0,0,0,0,0,0,0,0,0,0,3.10515,0,0,0,0,41.948,0,0,0,0,6.99913,0,0,0,0,0,0,0,0,0,0,0,0,0,0,0.0136041,0,0,0,0,4.62537,0,0,0,0,0.010203,0,0,0,0,0,0,0,0,0,0,0,0,0,0,0,0,0,0,0,0.105431,0,0,0,0,0,0,0,0,0,0,0,0
0,0,0,0,0,0,0,0.0285353,0.0693001,0,0,0,0.501407,0.0244588,0,0,0,0.0448412,0.00815295,0,0,0,0,0,0,0,0,0.790837,0.163059,0,0,0,9.82411,5.01815,0,0,0,16.1012,5.46248,0,0,0,6.88518,3.17558,0,0,0,0.733766,0.305736,0,0,0,0.419877,0,0,0,0,11.2018,0,0,0,0,16.1623,0,0,0,0,8.29153,0,0,0,0,0.892749,0,0,0,0,0,0,0,0,0,2.07901,0,0,0,0,9.90155,0,0,0,0,1.58575,0,0,0,0,0.0448412,0,0,0,0,0,0,0,0,0,0,0,0,0,0,0.281277,0,0,0,0,0,0,0,0,0,0,0,0
0,0,0,0,0,0,0,0,0.0156986,0,0,0,0.85819,0.0209314,0,0,0,0.00523286,0,0,0,0,0,0,0,0,0,0.544218,0.0156986,0,0,0,11.3604,2.76294,0,0,0,24.5906,5.35841,0,0,0,7.68178,1.37624,0,0,0,0,0,0,0,0,0.177917,0,0,0,0,8.49286,0,0,0,0,23.638,0,0,0,0,6.90209,0,0,0,0,0,0,0,0,0,0,0,0,0,0,0.612245,0,0,0,0,5.1334,0,0,0,0,0.340136,0,0,0,0,0,0,0,0,0,0,0,0,0,0,0,0,0,0,0,0.115123,0,0,0,0,0,0,0,0,0,0,0,0
0,0,0,0,0,0,0,0.0341413,0.029264,0,0,0,0.604789,0.209725,0,0,0,0.0536507,0.131688,0,0,0,0,0,0,0,0,0.370677,0.0390187,0,0,0,8.10631,3.52631,0,0,0,14.7196,5.34562,0,0,0,9.20853,4.65788,0,0,0,1.87777,0.916938,0,0,0,0.238989,0,0,0,0,9.60358,0,0,0,0,12.4567,0,0,0,0,10.5546,0,0,0,0,2.13627,0,0,0,0,0,0,0,0,0,1.77535,0,0,0,0,10.0864,0,0,0,0,2.82885,0,0,0,0,0.175584,0,0,0,0,0,0,0,0,0,0,0,0,0,0,0.312149,0,0,0,0,0,0,0,0,0,0,0,0
0,0,0,0,0,0,0,0,0,0,0,0,0.394003,0,0,0,0,0,0,0,0,0,0,0,0,0,0,0,0,0,0,0,5.87156,0.027894,0,0,0,20.5677,0.205718,0,0,0,2.29427,0.0592747,0,0,0,0.00348675,0,0,0,0,0,0,0,0,0,12.0847,0,0,0,0,39.3467,0,0,0,0,6.21325,0,0,0,0,0.083682,0,0,0,0,0,0,0,0,0,1.01116,0,0,0,0,10.9586,0,0,0,0,0.638076,0,0,0,0,0,0,0,0,0,0,0,0,0,0,0,0,0,0,0,0.237099,0,0,0,0,0,0,0,0,0,0,0,0
0,0,0,0,0,0,0,0,0.00376435,0,0,0,0.621118,0.0828157,0,0,0,0.00376435,0,0,0,0,0,0,0,0,0,0,0,0,0,0,6.43694,1.60362,0,0,0,26.9092,7.1446,0,0,0,9.24876,4.1107,0,0,0,0,0,0,0,0,0,0,0,0,0,3.96766,0,0,0,0,28.6788,0,0,0,0,6.78701,0,0,0,0,0,0,0,0,0,0,0,0,0,0,0.0188218,0,0,0,0,4.28761,0,0,0,0,0.0338792,0,0,0,0,0,0,0,0,0,0,0,0,0,0,0,0,0,0,0,0.063994,0,0,0,0,0,0,0,0,0,0,0,0
0,0,0,0,0,0,0,0,0.00995025,0,0,0,0.587064,0.218905,0,0,0,0.0447761,0.258706,0,0,0,0,0,0,0,0,0.189055,0.00995025,0,0,0,6.42793,1.84079,0,0,0,13.1695,3.41789,0,0,0,10.0102,3.45272,0,0,0,3.19401,0.726368,0,0,0,0.119403,0,0,0,0,9.20913,0,0,0,0,13.1148,0,0,0,0,12.2441,0,0,0,0,3.46764,0,0,0,0,0,0,0,0,0,1.75621,0,0,0,0,11.1445,0,0,0,0,4.56716,0,0,0,0,0.616915,0,0,0,0,0,0,0,0,0,0,0,0,0,0,0.20398,0,0,0,0,0,0,0,0,0,0,0,0
0,0,0,0,0,0,0,0,0,0,0,0,0.495119,0,0,0,0,0,0,0,0,0,0,0,0,0,0,0,0,0,0,0,3.75169,0,0,0,0,23.099,0.0244073,0,0,0,1.97002,0.00348675,0,0,0,0,0,0,0,0,0,0,0,0,0,7.1128,0,0,0,0,48.4991,0,0,0,0,4.86044,0,0,0,0,0.00348675,0,0,0,0,0,0,0,0,0,0.400976,0,0,0,0,9.19781,0,0,0,0,0.352162,0,0,0,0,0,0,0,0,0,0,0,0,0,0,0,0,0,0,0,0.226639,0,0,0,0,0,0,0,0,0,0,0,0
0,0,0,0,0,0,0,0.0322046,0.0368053,0,0,0,0.584284,0.0920132,0,0,0,0.0506073,0.0368053,0,0,0,0,0,0,0,0,0.524476,0.0920132,0,0,0,8.88837,4.35225,0,0,0,15.3429,5.87963,0,0,0,8.49733,4.43966,0,0,0,1.32039,0.634891,0,0,0,0.27604,0,0,0,0,10.0385,0,0,0,0,13.3739,0,0,0,0,9.59685,0,0,0,0,1.51361,0,0,0,0,0,0,0,0,0,1.83566,0,0,0,0,9.93729,0,0,0,0,2.20832,0,0,0,0,0.115017,0,0,0,0,0,0,0,0,0,0,0,0,0,0,0.299043,0,0,0,0,0,0,0,0,0,0,0,0
0,0,0,0,0,0,0,0,0,0,0,0,0.488145,0,0,0,0,0,0,0,0,0,0,0,0,0,0,0,0,0,0,0,2.82424,0,0,0,0,23.9463,0.0174338,0,0,0,1.93863,0,0,0,0,0,0,0,0,0,0,0,0,0,0,5.02082,0,0,0,0,54.5101,0,0,0,0,3.56689,0,0,0,0,0,0,0,0,0,0,0,0,0,0,0.083682,0,0,0,0,7.25924,0,0,0,0,0.12901,0,0,0,0,0,0,0,0,0,0,0,0,0,0,0,0,0,0,0,0.212692,0,0,0,0,0,0,0,0,0,0,0,0
0,0,0,0,0,0,0,0,0.0211472,0,0,0,0.83003,0.0211472,0,0,0,0.00528681,0,0,0,0,0,0,0,0,0,1.03622,0.0422945,0,0,0,11.2927,1.7658,0,0,0,22.5174,3.36238,0,0,0,7.3274,1.02035,0,0,0,0,0,0,0,0,0.158604,0,0,0,0,8.97694,0,0,0,0,22.9139,0,0,0,0,8.1257,0,0,0,0,0,0,0,0,0,0.00528681,0,0,0,0,2.083,0,0,0,0,7.60231,0,0,0,0,0.756014,0,0,0,0,0,0,0,0,0,0,0,0,0,0,0,0,0,0,0,0.137457,0,0,0,0,0,0,0,0,0,0,0,0
0,0,0,0,0,0,0,0,0.00366824,0,0,0,0.663953,0.102711,0,0,0,0.00366824,0.0660284,0,0,0,0,0,0,0,0,0,0,0,0,0,4.53031,0.539232,0,0,0,28.3203,3.55821,0,0,0,10.3663,2.28898,0,0,0,0,0,0,0,0,0,0,0,0,0,3.1657,0,0,0,0,34.1349,0,0,0,0,7.17883,0,0,0,0,0,0,0,0,0,0,0,0,0,0,0.0183412,0,0,0,0,4.92649,0,0,0,0,0.0110047,0,0,0,0,0,0,0,0,0,0,0,0,0,0,0,0,0,0,0,0.117384,0,0,0,0,0,0,0,0,0,0,0,0
0,0,0,0,0,0,0,0,0,0,0,0,0.822563,0.0176263,0,0,0,0,0,0,0,0,0,0,0,0,0,0.752057,0,0,0,0,8.97777,0.517039,0,0,0,20.3757,1.53349,0,0,0,6.95657,0.458284,0,0,0,0.0235018,0,0,0,0,0.240893,0,0,0,0,9.16579,0,0,0,0,22.4729,0,0,0,0,10.3527,0,0,0,0,0.0587544,0,0,0,0,0,0,0,0,0,3.79551,0,0,0,0,11.563,0,0,0,0,1.75089,0,0,0,0,0,0,0,0,0,0,0,0,0,0,0,0,0,0,0,0.164512,0,0,0,0,0,0,0,0,0,0,0,0
0,0,0,0,0,0,0,0,0,0,0,0,0.86212,0.0182138,0,0,0,0,0,0,0,0,0,0,0,0,0,0.461417,0,0,0,0,7.69222,0.370348,0,0,0,18.3045,1.14747,0,0,0,7.38259,0.394633,0,0,0,0.0607128,0,0,0,0,0.218566,0,0,0,0,9.23428,0,0,0,0,20.4901,0,0,0,0,12.0998,0,0,0,0,0.261065,0,0,0,0,0,0,0,0,0,3.87957,0,0,0,0,14.164,0,0,0,0,2.76852,0,0,0,0,0,0,0,0,0,0,0,0,0,0,0,0,0,0,0,0.18821,0,0,0,0,0,0,0,0,0,0,0,0
0,0,0,0,0,0,0,0.0112931,0,0,0,0,0.353849,0,0,0,0,0,0,0,0,0,0,0,0,0,0,0,0,0,0,0,6.85853,0.0527009,0,0,0,19.5258,0.31997,0,0,0,2.55977,0.0715227,0,0,0,0.00376435,0,0,0,0,0.0188218,0,0,0,0,13.9314,0,0,0,0,35.9793,0,0,0,0,6.32025,0,0,0,0,0.0903444,0,0,0,0,0,0,0,0,0,1.55845,0,0,0,0,11.2965,0,0,0,0,0.771691,0,0,0,0,0,0,0,0,0,0,0,0,0,0,0,0,0,0,0,0.278562,0,0,0,0,0,0,0,0,0,0,0,0
0,0,0,0,0,0,0,0,0,0,0,0,0.865613,0.0095648,0,0,0,0.0047824,0,0,0,0,0,0,0,0,0,0.023912,0.0047824,0,0,0,9.6604,3.92637,0,0,0,26.9285,8.81865,0,0,0,8.19212,2.95554,0,0,0,0,0,0,0,0,0.0047824,0,0,0,0,6.22661,0,0,0,0,23.0409,0,0,0,0,5.38016,0,0,0,0,0,0,0,0,0,0,0,0,0,0,0.0286944,0,0,0,0,3.73986,0,0,0,0,0.0669536,0,0,0,0,0,0,0,0,0,0,0,0,0,0,0,0,0,0,0,0.11956,0,0,0,0,0,0,0,0,0,0,0,0
0,0,0,0,0,0,0,0,0.0041511,0,0,0,0.680781,0.083022,0,0,0,0.0041511,0,0,0,0,0,0,0,0,0,0,0,0,0,0,7.14387,1.92196,0,0,0,27.9766,7.92008,0,0,0,9.04509,4.19676,0,0,0,0,0,0,0,0,0,0,0,0,0,4.35864,0,0,0,0,26.8104,0,0,0,0,6.0688,0,0,0,0,0,0,0,0,0,0,0,0,0,0,0.0207555,0,0,0,0,3.66128,0,0,0,0,0.0373599,0,0,0,0,0,0,0,0,0,0,0,0,0,0,0,0,0,0,0,0.0622665,0,0,0,0,0,0,0,0,0,0,0,0
0,0,0,0,0,0,0,0.027532,0,0,0,0,0.46411,0,0,0,0,0.0432645,0,0,0,0,0,0,0,0,0,0.928219,0.0353982,0,0,0,10.5445,3.33926,0,0,0,17.5058,3.26453,0,0,0,4.80236,1.22714,0,0,0,0.232055,0.027532,0,0,0,0.574237,0,0,0,0,13.3605,0,0,0,0,22.2529,0,0,0,0,6.67838,0,0,0,0,0.405113,0,0,0,0,0,0,0,0,0,2.17504,0,0,0,0,10.6035,0,0,0,0,1.19568,0,0,0,0,0.00786627,0,0,0,0,0,0,0,0,0,0,0,0,0,0,0.302851,0,0,0,0,0,0,0,0,0,0,0,0
0,0,0,0,0,0,0,0,0.0153822,0,0,0,0.610163,0.261498,0,0,0,0.0564016,0.312773,0,0,0,0,0,0,0,0,0.164077,0.0102548,0,0,0,6.63489,2.1125,0,0,0,13.3923,3.91736,0,0,0,10.188,4.04041,0,0,0,3.37385,0.994721,0,0,0,0.0820387,0,0,0,0,8.76271,0,0,0,0,12.5874,0,0,0,0,11.6543,0,0,0,0,3.1585,0,0,0,0,0,0,0,0,0,1.72794,0,0,0,0,10.7622,0,0,0,0,4.35831,0,0,0,0,0.543507,0,0,0,0,0,0,0,0,0,0,0,0,0,0,0.276881,0,0,0,0,0,0,0,0,0,0,0,0
0,0,0,0,0,0,0,0.0318979,0.0546822,0,0,0,0.555935,0.0273411,0,0,0,0.0501253,0.00911369,0,0,0,0,0,0,0,0,0.601503,0.109364,0,0,0,9.67398,4.94417,0,0,0,16.0852,5.92385,0,0,0,7.69183,3.72753,0,0,0,0.847572,0.391889,0,0,0,0.296195,0,0,0,0,10.6309,0,0,0,0,14.6498,0,0,0,0,8.64873,0,0,0,0,0.997948,0,0,0,0,0,0,0,0,0,2.00046,0,0,0,0,9.93826,0,0,0,0,1.75439,0,0,0,0,0.0501253,0,0,0,0,0,0,0,0,0,0,0,0,0,0,0.305309,0,0,0,0,0,0,0,0,0,0,0,0
0,0,0,0,0,0,0,0,0,0,0,0,0.833902,0.0182274,0,0,0,0.00455685,0,0,0,0,0,0,0,0,0,0.00455685,0,0,0,0,8.92213,3.76854,0,0,0,27.5087,9.7241,0,0,0,8.29331,3.47234,0,0,0,0,0,0,0,0,0,0,0,0,0,5.3406,0,0,0,0,23.189,0,0,0,0,5.15833,0,0,0,0,0,0,0,0,0,0,0,0,0,0,0.0227842,0,0,0,0,3.58626,0,0,0,0,0.0410116,0,0,0,0,0,0,0,0,0,0,0,0,0,0,0,0,0,0,0,0.109364,0,0,0,0,0,0,0,0,0,0,0,0
0,0,0,0,0,0,0,0,0,0,0,0,0.496895,0,0,0,0,0,0,0,0,0,0,0,0,0,0,0,0,0,0,0,2.37908,0,0,0,0,27.2556,0.0225861,0,0,0,3.22607,0,0,0,0,0,0,0,0,0,0,0,0,0,0,2.88728,0,0,0,0,54.0104,0,0,0,0,3.71544,0,0,0,0,0,0,0,0,0,0,0,0,0,0,0.00376435,0,0,0,0,5.82338,0,0,0,0,0.0263505,0,0,0,0,0,0,0,0,0,0,0,0,0,0,0,0,0,0,0,0.161867,0,0,0,0,0,0,0,0,0,0,0,0
0,0,0,0,0,0,0,0.0268138,0,0,0,0,0.455833,0,0,0,0,0.0421359,0,0,0,0,0,0,0,0,0,0.812074,0,0,0,0,10.5072,2.4094,0,0,0,17.7932,2.53198,0,0,0,4.30164,0.842719,0,0,0,0.153221,0.00766107,0,0,0,0.586072,0,0,0,0,13.9014,0,0,0,0,24.7982,0,0,0,0,6.27431,0,0,0,0,0.314104,0,0,0,0,0,0,0,0,0,2.13361,0,0,0,0,10.6911,0,0,0,0,1.11469,0,0,0,0,0,0,0,0,0,0,0,0,0,0,0,0,0,0,0,0.302612,0,0,0,0,0,0,0,0,0,0,0,0
0,0,0,0,0,0,0,0.0293243,0.0418918,0,0,0,0.485946,0.0125675,0,0,0,0.046081,0,0,0,0,0,0,0,0,0,0.850406,0.0293243,0,0,0,10.5233,3.51893,0,0,0,17.4272,3.84988,0,0,0,5.34118,1.62121,0,0,0,0.356081,0.0586486,0,0,0,0.498513,0,0,0,0,12.7563,0,0,0,0,20.2126,0,0,0,0,7.19691,0,0,0,0,0.51527,0,0,0,0,0,0,0,0,0,2.26634,0,0,0,0,10.716,0,0,0,0,1.32378,0,0,0,0,0.00837837,0,0,0,0,0,0,0,0,0,0,0,0,0,0,0.314189,0,0,0,0,0,0,0,0,0,0,0,0
0,0,0,0,0,0,0,0,0,0,0,0,0.518735,0,0,0,0,0,0,0,0,0,0,0,0,0,0,0,0,0,0,0,2.55635,0,0,0,0,23.7584,0,0,0,0,1.56739,0,0,0,0,0,0,0,0,0,0,0,0,0,0,5.13506,0,0,0,0,54.1833,0,0,0,0,3.60876,0,0,0,0,0,0,0,0,0,0,0,0,0,0,0.126885,0,0,0,0,8.12791,0,0,0,0,0.182863,0,0,0,0,0,0,0,0,0,0,0,0,0,0,0,0,0,0,0,0.231378,0,0,0,0,0,0,0,0,0,0,0,0
0,0,0,0,0,0,0,0,0,0,0,0,0.515717,0,0,0,0,0,0,0,0,0,0,0,0,0,0,0,0,0,0,0,2.45813,0,0,0,0,28.1667,0.120459,0,0,0,4.28385,0.00376435,0,0,0,0,0,0,0,0,0,0,0,0,0,2.86845,0,0,0,0,51.4351,0,0,0,0,4.50217,0,0,0,0,0,0,0,0,0,0,0,0,0,0,0.00376435,0,0,0,0,5.48461,0,0,0,0,0.0188218,0,0,0,0,0,0,0,0,0,0,0,0,0,0,0,0,0,0,0,0.14681,0,0,0,0,0,0,0,0,0,0,0,0
0,0,0,0,0,0,0,0,0,0,0,0,0.474654,0,0,0,0,0,0,0,0,0,0,0,0,0,0,0,0,0,0,0,2.16061,0,0,0,0,26.111,0,0,0,0,2.30491,0,0,0,0,0,0,0,0,0,0,0,0,0,0,2.72261,0,0,0,0,56.5625,0,0,0,0,3.14791,0,0,0,0,0,0,0,0,0,0,0,0,0,0,0.00379723,0,0,0,0,6.30711,0,0,0,0,0.0227834,0,0,0,0,0,0,0,0,0,0,0,0,0,0,0,0,0,0,0,0.174673,0,0,0,0,0,0,0,0,0,0,0,0
0,0,0,0,0,0,0,0,0,0,0,0,0.860697,0.00497512,0,0,0,0.00497512,0,0,0,0,0,0,0,0,0,0.233831,0.0199005,0,0,0,11.0102,4.17909,0,0,0,25.9591,7.35334,0,0,0,7.64688,2.02984,0,0,0,0,0,0,0,0,0.0696517,0,0,0,0,7.55235,0,0,0,0,23.1834,0,0,0,0,5.43784,0,0,0,0,0,0,0,0,0,0,0,0,0,0,0.0845771,0,0,0,0,4.12436,0,0,0,0,0.114428,0,0,0,0,0,0,0,0,0,0,0,0,0,0,0,0,0,0,0,0.129353,0,0,0,0,0,0,0,0,0,0,0,0
0,0,0,0,0,0,0,0,0,0,0,0,0.613569,0.0117994,0,0,0,0,0.0117994,0,0,0,0,0,0,0,0,0,0,0,0,0,3.20947,0.0983284,0,0,0,29.3715,1.4828,0,0,0,8.67632,0.79056,0,0,0,0,0,0,0,0,0,0,0,0,0,3.00101,0,0,0,0,40.3956,0,0,0,0,7.1464,0,0,0,0,0,0,0,0,0,0,0,0,0,0,0.0196657,0,0,0,0,5.05014,0,0,0,0,0.00393314,0,0,0,0,0,0,0,0,0,0,0,0,0,0,0,0,0,0,0,0.114061,0,0,0,0,0,0,0,0,0,0,0,0
0,0,0,0,0,0,0,0,0,0,0,0,0.783776,0.0273411,0,0,0,0.00455685,0,0,0,0,0,0,0,0,0,0,0,0,0,0,8.34343,3.1169,0,0,0,28.2879,9.60563,0,0,0,8.5257,3.76854,0,0,0,0,0,0,0,0,0,0,0,0,0,5.00341,0,0,0,0,23.6492,0,0,0,0,5.21301,0,0,0,0,0,0,0,0,0,0,0,0,0,0,0.0227842,0,0,0,0,3.5088,0,0,0,0,0.0410116,0,0,0,0,0,0,0,0,0,0,0,0,0,0,0,0,0,0,0,0.0956938,0,0,0,0,0,0,0,0,0,0,0,0
0,0,0,0,0,0,0,0.0277778,0,0,0,0,0.460318,0,0,0,0,0.0277778,0,0,0,0,0,0,0,0,0,0.297619,0,0,0,0,9.99203,1.03174,0,0,0,18.3457,1.50397,0,0,0,3.60316,0.412699,0,0,0,0.0634921,0,0,0,0,0.357143,0,0,0,0,14.5436,0,0,0,0,28.1536,0,0,0,0,6.19442,0,0,0,0,0.186508,0,0,0,0,0,0,0,0,0,2.23015,0,0,0,0,11.2301,0,0,0,0,1.01984,0,0,0,0,0,0,0,0,0,0,0,0,0,0,0,0,0,0,0,0.321429,0,0,0,0,0,0,0,0,0,0,0,0
0,0,0,0,0,0,0,0.0312975,0.0447107,0,0,0,0.514173,0.0178843,0,0,0,0.0491818,0.00894214,0,0,0,0,0,0,0,0,0.827147,0.147545,0,0,0,10.5831,4.1894,0,0,0,17.334,4.46662,0,0,0,5.92426,2.01645,0,0,0,0.433694,0.0894214,0,0,0,0.433694,0,0,0,0,12.0808,0,0,0,0,18.1522,0,0,0,0,7.51605,0,0,0,0,0.554413,0,0,0,0,0,0,0,0,0,2.28024,0,0,0,0,10.5741,0,0,0,0,1.40391,0,0,0,0,0.00894214,0,0,0,0,0,0,0,0,0,0,0,0,0,0,0.317446,0,0,0,0,0,0,0,0,0,0,0,0
0,0,0,0,0,0,0,0,0,0,0,0,0.428833,0,0,0,0,0,0,0,0,0,0,0,0,0,0,0,0,0,0,0,4.37407,0,0,0,0,20.8223,0.0233909,0,0,0,1.76992,0.00779697,0,0,0,0,0,0,0,0,0,0,0,0,0,10.0583,0,0,0,0,44.4402,0,0,0,0,5.42279,0,0,0,0,0.0116955,0,0,0,0,0,0,0,0,0,0.697829,0,0,0,0,11.1577,0,0,0,0,0.518498,0,0,0,0,0,0,0,0,0,0,0,0,0,0,0,0,0,0,0,0.268995,0,0,0,0,0,0,0,0,0,0,0,0
0,0,0,0,0,0,0,0,0,0,0,0,0.547766,0,0,0,0,0,0,0,0,0,0,0,0,0,0,0,0,0,0,0,2.50133,0,0,0,0,28.9001,0.279629,0,0,0,5.60398,0.049797,0,0,0,0,0,0,0,0,0,0,0,0,0,2.73116,0,0,0,0,48.7124,0,0,0,0,5.38182,0,0,0,0,0,0,0,0,0,0,0,0,0,0,0.00766107,0,0,0,0,5.15965,0,0,0,0,0.00766107,0,0,0,0,0,0,0,0,0,0,0,0,0,0,0,0,0,0,0,0.111086,0,0,0,0,0,0,0,0,0,0,0,0
0,0,0,0,0,0,0,0,0,0,0,0,0.48731,0,0,0,0,0,0,0,0,0,0,0,0,0,0,0,0,0,0,0,1.91026,0,0,0,0,25.181,0,0,0,0,1.58669,0,0,0,0,0,0,0,0,0,0,0,0,0,0,2.96283,0,0,0,0,58.4986,0,0,0,0,2.61197,0,0,0,0,0,0,0,0,0,0,0,0,0,0,0.0116955,0,0,0,0,6.5417,0,0,0,0,0.0116955,0,0,0,0,0,0,0,0,0,0,0,0,0,0,0,0,0,0,0,0.198823,0,0,0,0,0,0,0,0,0,0,0,0
0,0,0,0,0,0,0,0,0,0,0,0,0.89832,0,0,0,0,0.00551116,0,0,0,0,0,0,0,0,0,0.28658,0.0110223,0,0,0,11.5295,3.5216,0,0,0,26.1436,6.33785,0,0,0,7.4401,1.52108,0,0,0,0,0,0,0,0,0.132268,0,0,0,0,8.04083,0,0,0,0,23.9671,0,0,0,0,5.5332,0,0,0,0,0,0,0,0,0,0,0,0,0,0,0.104712,0,0,0,0,4.25458,0,0,0,0,0.137779,0,0,0,0,0,0,0,0,0,0,0,0,0,0,0,0,0,0,0,0.132268,0,0,0,0,0,0,0,0,0,0,0,0
0,0,0,0,0,0,0,0,0,0,0,0,0.495575,0,0,0,0,0,0,0,0,0,0,0,0,0,0,0,0,0,0,0,3.34713,0,0,0,0,22.0641,0.00393314,0,0,0,1.5654,0,0,0,0,0,0,0,0,0,0,0,0,0,0,7.50823,0,0,0,0,49.17,0,0,0,0,4.58998,0,0,0,0,0,0,0,0,0,0,0,0,0,0,0.444444,0,0,0,0,10.1394,0,0,0,0,0.397247,0,0,0,0,0,0,0,0,0,0,0,0,0,0,0,0,0,0,0,0.271386,0,0,0,0,0,0,0,0,0,0,0,0
0,0,0,0,0,0,0,0,0.0041511,0,0,0,0.693234,0.124533,0,0,0,0.0041511,0.0498132,0,0,0,0,0,0,0,0,0,0,0,0,0,5.33409,0.859279,0,0,0,28.869,5.73258,0,0,0,9.6844,3.69864,0,0,0,0,0,0,0,0,0,0,0,0,0,3.25862,0,0,0,0,29.865,0,0,0,0,6.94463,0,0,0,0,0,0,0,0,0,0,0,0,0,0,0.0207555,0,0,0,0,4.74052,0,0,0,0,0.0124533,0,0,0,0,0,0,0,0,0,0,0,0,0,0,0,0,0,0,0,0.0996264,0,0,0,0,0,0,0,0,0,0,0,0
0,0,0,0,0,0,0,0,0.00400384,0,0,0,0.692664,0.120115,0,0,0,0.00400384,0.0840807,0,0,0,0,0,0,0,0,0,0,0,0,0,4.46828,0.588565,0,0,0,29.0503,4.26807,0,0,0,10.454,2.85873,0,0,0,0,0,0,0,0,0,0,0,0,0,2.9308,0,0,0,0,32.1892,0,0,0,0,7.03484,0,0,0,0,0,0,0,0,0,0,0,0,0,0,0.0200192,0,0,0,0,5.0929,0,0,0,0,0.00800769,0,0,0,0,0,0,0,0,0,0,0,0,0,0,0,0,0,0,0,0.128123,0,0,0,0,0,0,0,0,0,0,0,0
0,0,0,0,0,0,0,0.0373912,0.026708,0,0,0,0.630308,0.170931,0,0,0,0.0587576,0.0747823,0,0,0,0,0,0,0,0,0.299129,0.0427328,0,0,0,8.6907,3.91537,0,0,0,15.6347,5.92379,0,0,0,9.18747,4.80207,0,0,0,1.46894,0.73714,0,0,0,0.149565,0,0,0,0,9.48125,0,0,0,0,12.7022,0,0,0,0,9.9513,0,0,0,0,1.62385,0,0,0,0,0,0,0,0,0,1.70398,0,0,0,0,9.87652,0,0,0,0,2.37167,0,0,0,0,0.112174,0,0,0,0,0,0,0,0,0,0,0,0,0,0,0.325837,0,0,0,0,0,0,0,0,0,0,0,0
0,0,0,0,0,0,0,0.026708,0.0160248,0,0,0,0.662357,0.304471,0,0,0,0.0587576,0.325837,0,0,0,0,0,0,0,0,0.122857,0.0106832,0,0,0,6.85856,2.41975,0,0,0,13.9361,4.54568,0,0,0,10.4374,4.70592,0,0,0,3.11415,1.33006,0,0,0,0.0480744,0,0,0,0,8.41829,0,0,0,0,12.2535,0,0,0,0,11.0997,0,0,0,0,2.84707,0,0,0,0,0,0,0,0,0,1.60248,0,0,0,0,10.3092,0,0,0,0,3.82991,0,0,0,0,0.400619,0,0,0,0,0,0,0,0,0,0,0,0,0,0,0.315154,0,0,0,0,0,0,0,0,0,0,0,0
0,0,0,0,0,0,0,0,0,0,0,0,0.894619,0,0,0,0,0,0,0,0,0,0,0,0,0,0,0.373344,0,0,0,0,7.76281,0.105664,0,0,0,20.1388,0.605804,0,0,0,5.7904,0.169062,0,0,0,0,0,0,0,0,0.105664,0,0,0,0,9.50265,0,0,0,0,23.4354,0,0,0,0,10.4888,0,0,0,0,0.0633981,0,0,0,0,0,0,0,0,0,4.21952,0,0,0,0,13.9473,0,0,0,0,2.21893,0,0,0,0,0,0,0,0,0,0,0,0,0,0,0,0,0,0,0,0.176106,0,0,0,0,0,0,0,0,0,0,0,0
0,0,0,0,0,0,0,0,0,0,0,0,0.350577,0,0,0,0,0,0,0,0,0,0,0,0,0,0,0,0,0,0,0,5.36872,0.00407647,0,0,0,19.7166,0.0815295,0,0,0,1.94856,0.0244588,0,0,0,0,0,0,0,0,0,0,0,0,0,12.5999,0,0,0,0,40.5734,0,0,0,0,5.79268,0,0,0,0,0.0203824,0,0,0,0,0,0,0,0,0,0.986508,0,0,0,0,11.6583,0,0,0,0,0.603319,0,0,0,0,0,0,0,0,0,0,0,0,0,0,0,0,0,0,0,0.269048,0,0,0,0,0,0,0,0,0,0,0,0
0,0,0,0,0,0,0,0,0.00430663,0,0,0,0.671835,0.0947459,0,0,0,0.00430663,0,0,0,0,0,0,0,0,0,0,0,0,0,0,6.21883,1.54178,0,0,0,28.9458,7.81665,0,0,0,9.03978,4.19464,0,0,0,0,0,0,0,0,0,0,0,0,0,3.59171,0,0,0,0,27.9423,0,0,0,0,6.06379,0,0,0,0,0,0,0,0,0,0,0,0,0,0,0.0215332,0,0,0,0,3.77259,0,0,0,0,0.0129199,0,0,0,0,0,0,0,0,0,0,0,0,0,0,0,0,0,0,0,0.0645995,0,0,0,0,0,0,0,0,0,0,0,0
0,0,0,0,0,0,0,0,0.00464511,0,0,0,0.775733,0.0603865,0,0,0,0.00464511,0,0,0,0,0,0,0,0,0,0,0,0,0,0,7.58565,2.45726,0,0,0,29.4114,9.36946,0,0,0,8.76557,4.04125,0,0,0,0,0,0,0,0,0,0,0,0,0,4.39429,0,0,0,0,24.4326,0,0,0,0,5.11432,0,0,0,0,0,0,0,0,0,0,0,0,0,0,0.0232256,0,0,0,0,3.44667,0,0,0,0,0.0139353,0,0,0,0,0,0,0,0,0,0,0,0,0,0,0,0,0,0,0,0.0975474,0,0,0,0,0,0,0,0,0,0,0,0
0,0,0,0,0,0,0,0.0287947,0,0,0,0,0.41958,0,0,0,0,0,0,0,0,0,0,0,0,0,0,0,0,0,0,0,8.7125,0.255039,0,0,0,18.8933,0.580008,0,0,0,2.87946,0.148087,0,0,0,0.0164541,0,0,0,0,0.0164541,0,0,0,0,14.8905,0,0,0,0,31.9846,0,0,0,0,5.89883,0,0,0,0,0.0904977,0,0,0,0,0,0,0,0,0,2.22131,0,0,0,0,11.711,0,0,0,0,0.925547,0,0,0,0,0,0,0,0,0,0,0,0,0,0,0,0,0,0,0,0.329083,0,0,0,0,0,0,0,0,0,0,0,0
0,0,0,0,0,0,0,0,0,0,0,0,0.853609,0.00672133,0,0,0,0,0,0,0,0,0,0,0,0,0,0.672133,0,0,0,0,9.5108,0.248689,0,0,0,22.1875,1.17623,0,0,0,5.74004,0.268853,0,0,0,0,0,0,0,0,0.0873773,0,0,0,0,9.3831,0,0,0,0,25.2189,0,0,0,0,8.80505,0,0,0,0,0,0,0,0,0,0,0,0,0,0,3.87147,0,0,0,0,10.6333,0,0,0,0,1.18296,0,0,0,0,0,0,0,0,0,0,0,0,0,0,0,0,0,0,0,0.154591,0,0,0,0,0,0,0,0,0,0,0,0
0,0,0,0,0,0,0,0.03663,0.0313972,0,0,0,0.617478,0.0261643,0,0,0,0.0575615,0.0104657,0,0,0,0,0,0,0,0,0.392465,0.0680272,0,0,0,9.45047,4.57872,0,0,0,16.3264,6.25845,0,0,0,8.53996,4.22812,0,0,0,0.983779,0.470958,0,0,0,0.167452,0,0,0,0,9.98945,0,0,0,0,13.5896,0,0,0,0,8.96382,0,0,0,0,1.0989,0,0,0,0,0,0,0,0,0,1.87336,0,0,0,0,9.89002,0,0,0,0,1.95185,0,0,0,0,0.0575615,0,0,0,0,0,0,0,0,0,0,0,0,0,0,0.340136,0,0,0,0,0,0,0,0,0,0,0,0
0,0,0,0,0,0,0,0.0338066,0.0482952,0,0,0,0.536077,0.0193181,0,0,0,0.0531247,0.00965904,0,0,0,0,0,0,0,0,0.690622,0.130397,0,0,0,10.562,4.86326,0,0,0,17.2314,5.16751,0,0,0,6.70327,2.56929,0,0,0,0.492611,0.154545,0,0,0,0.309089,0,0,0,0,11.3636,0,0,0,0,16.309,0,0,0,0,7.74642,0,0,0,0,0.598861,0,0,0,0,0,0,0,0,0,2.23123,0,0,0,0,10.3302,0,0,0,0,1.50681,0,0,0,0,0.00965904,0,0,0,0,0,0,0,0,0,0,0,0,0,0,0.328407,0,0,0,0,0,0,0,0,0,0,0,0
0,0,0,0,0,0,0,0,0,0,0,0,0.534759,0,0,0,0,0,0,0,0,0,0,0,0,0,0,0,0,0,0,0,2.35294,0,0,0,0,23.0733,0,0,0,0,1.23818,0,0,0,0,0,0,0,0,0,0,0,0,0,0,5.1378,0,0,0,0,54.2729,0,0,0,0,3.45945,0,0,0,0,0,0,0,0,0,0,0,0,0,0,0.164541,0,0,0,0,9.24722,0,0,0,0,0.259153,0,0,0,0,0,0,0,0,0,0,0,0,0,0,0,0,0,0,0,0.255039,0,0,0,0,0,0,0,0,0,0,0,0
0,0,0,0,0,0,0,0,0,0,0,0,0.580557,0,0,0,0,0,0,0,0,0,0,0,0,0,0,0,0,0,0,0,2.49439,0,0,0,0,29.5548,0.488469,0,0,0,6.96277,0.128123,0,0,0,0,0,0,0,0,0,0,0,0,0,2.6105,0,0,0,0,45.5713,0,0,0,0,6.42223,0,0,0,0,0,0,0,0,0,0,0,0,0,0,0.0160154,0,0,0,0,5.05286,0,0,0,0,0.00400384,0,0,0,0,0,0,0,0,0,0,0,0,0,0,0,0,0,0,0,0.116111,0,0,0,0,0,0,0,0,0,0,0,0
0,0,0,0,0,0,0,0,0,0,0,0,0.962137,0,0,0,0,0.00620732,0,0,0,0,0,0,0,0,0,0.322781,0.00620732,0,0,0,11.7941,2.66914,0,0,0,26.8021,5.2514,0,0,0,7.07639,1.00559,0,0,0,0,0,0,0,0,0.124146,0,0,0,0,8.28064,0,0,0,0,24.8532,0,0,0,0,5.6673,0,0,0,0,0,0,0,0,0,0,0,0,0,0,0.260707,0,0,0,0,4.57479,0,0,0,0,0.204842,0,0,0,0,0,0,0,0,0,0,0,0,0,0,0,0,0,0,0,0.136561,0,0,0,0,0,0,0,0,0,0,0,0
0,0,0,0,0,0,0,0,0,0,0,0,0.640041,0.0128008,0,0,0,0.00426694,0.0170678,0,0,0,0,0,0,0,0,0,0,0,0,0,3.28556,0.140809,0,0,0,30.149,2.04387,0,0,0,9.68144,1.16061,0,0,0,0,0,0,0,0,0,0,0,0,0,2.84606,0,0,0,0,37.3579,0,0,0,0,7.1598,0,0,0,0,0,0,0,0,0,0,0,0,0,0,0.0213347,0,0,0,0,5.34644,0,0,0,0,0.00853388,0,0,0,0,0,0,0,0,0,0,0,0,0,0,0,0,0,0,0,0.123741,0,0,0,0,0,0,0,0,0,0,0,0
0,0,0,0,0,0,0,0,0.0122775,0,0,0,0.92695,0.0122775,0,0,0,0.00613874,0,0,0,0,0,0,0,0,0,0.798036,0.00613874,0,0,0,12.2407,1.54082,0,0,0,24.3881,3.08779,0,0,0,6.43343,0.687539,0,0,0,0,0,0,0,0,0.122775,0,0,0,0,9.12837,0,0,0,0,24.695,0,0,0,0,6.8079,0,0,0,0,0,0,0,0,0,0.0122775,0,0,0,0,1.57765,0,0,0,0,6.86315,0,0,0,0,0.497238,0,0,0,0,0,0,0,0,0,0,0,0,0,0,0,0,0,0,0,0.153468,0,0,0,0,0,0,0,0,0,0,0,0
0,0,0,0,0,0,0,0,0,0,0,0,0.497737,0,0,0,0,0,0,0,0,0,0,0,0,0,0,0,0,0,0,0,1.68244,0,0,0,0,24.0072,0,0,0,0,0.851503,0,0,0,0,0,0,0,0,0,0,0,0,0,0,3.27846,0,0,0,0,60.0054,0,0,0,0,2.28301,0,0,0,0,0,0,0,0,0,0,0,0,0,0,0.0123406,0,0,0,0,7.12882,0,0,0,0,0.0287947,0,0,0,0,0,0,0,0,0,0,0,0,0,0,0,0,0,0,0,0.218017,0,0,0,0,0,0,0,0,0,0,0,0
0,0,0,0,0,0,0,0,0,0,0,0,0.727594,0.0611995,0,0,0,0,0.0203998,0,0,0,0,0,0,0,0,0.0679994,0,0,0,0,6.22882,0.700394,0,0,0,14.783,1.76118,0,0,0,10.0368,1.31919,0,0,0,1.60479,0.0475996,0,0,0,0.0475996,0,0,0,0,9.27521,0,0,0,0,15.3949,0,0,0,0,13.3482,0,0,0,0,3.03957,0,0,0,0,0,0,0,0,0,2.03998,0,0,0,0,13.3278,0,0,0,0,5.6304,0,0,0,0,0.360397,0,0,0,0,0,0,0,0,0,0,0,0,0,0,0.176799,0,0,0,0,0,0,0,0,0,0,0,0
0,0,0,0,0,0,0,0,0,0,0,0,0.784146,0.035643,0,0,0,0,0.0071286,0,0,0,0,0,0,0,0,0.0641574,0,0,0,0,6.08789,0.45623,0,0,0,15.3837,1.25463,0,0,0,9.37423,0.727117,0,0,0,0.91246,0,0,0,0,0.0499002,0,0,0,0,9.55957,0,0,0,0,16.396,0,0,0,0,13.8439,0,0,0,0,2.35244,0,0,0,0,0,0,0,0,0,2.25977,0,0,0,0,14.3928,0,0,0,0,5.71007,0,0,0,0,0.149701,0,0,0,0,0,0,0,0,0,0,0,0,0,0,0.199601,0,0,0,0,0,0,0,0,0,0,0,0
0,0,0,0,0,0,0,0,0.012696,0,0,0,0.66654,0.215832,0,0,0,0.069828,0.28566,0,0,0,0,0,0,0,0,0.038088,0,0,0,0,6.22106,1.57431,0,0,0,13.6099,3.56755,0,0,0,11.0391,3.62468,0,0,0,3.5612,0.780804,0,0,0,0.006348,0,0,0,0,8.0874,0,0,0,0,13.2353,0,0,0,0,11.8325,0,0,0,0,3.09781,0,0,0,0,0,0,0,0,0,1.63779,0,0,0,0,11.0835,0,0,0,0,4.84351,0,0,0,0,0.6348,0,0,0,0,0,0,0,0,0,0,0,0,0,0,0.272964,0,0,0,0,0,0,0,0,0,0,0,0
0,0,0,0,0,0,0,0,0.00482952,0,0,0,0.772724,0.0772723,0,0,0,0.00482952,0,0,0,0,0,0,0,0,0,0,0,0,0,0,7.0703,1.8642,0,0,0,30.0776,8.70747,0,0,0,8.96826,3.99397,0,0,0,0,0,0,0,0,0,0,0,0,0,3.97465,0,0,0,0,25.6877,0,0,0,0,5.18683,0,0,0,0,0,0,0,0,0,0,0,0,0,0,0.0241476,0,0,0,0,3.49654,0,0,0,0,0.0144886,0,0,0,0,0,0,0,0,0,0,0,0,0,0,0,0,0,0,0,0.0724428,0,0,0,0,0,0,0,0,0,0,0,0
0,0,0,0,0,0,0,0,0,0,0,0,0.812822,0.0153362,0,0,0,0,0,0,0,0,0,0,0,0,0,0.061345,0,0,0,0,5.59002,0.207039,0,0,0,15.881,0.6978,0,0,0,8.58825,0.268384,0,0,0,0.383406,0,0,0,0,0.0536769,0,0,0,0,9.66184,0,0,0,0,18.2886,0,0,0,0,14.1939,0,0,0,0,1.5413,0,0,0,0,0,0,0,0,0,2.4538,0,0,0,0,15.6586,0,0,0,0,5.35998,0,0,0,0,0.061345,0,0,0,0,0,0,0,0,0,0,0,0,0,0,0.222376,0,0,0,0,0,0,0,0,0,0,0,0
0,0,0,0,0,0,0,0.0373912,0.0640991,0,0,0,0.587575,0.026708,0,0,0,0.0587576,0.0106832,0,0,0,0,0,0,0,0,0.480743,0.0854655,0,0,0,10.3947,5.11188,0,0,0,17.3282,5.8223,0,0,0,7.53693,3.16222,0,0,0,0.560867,0.202981,0,0,0,0.192297,0,0,0,0,10.6938,0,0,0,0,14.8281,0,0,0,0,7.96425,0,0,0,0,0.662357,0,0,0,0,0,0,0,0,0,2.12062,0,0,0,0,10.0795,0,0,0,0,1.63453,0,0,0,0,0.0106832,0,0,0,0,0,0,0,0,0,0,0,0,0,0,0.341862,0,0,0,0,0,0,0,0,0,0,0,0
0,0,0,0,0,0,0,0,0,0,0,0,0.451768,0,0,0,0,0,0,0,0,0,0,0,0,0,0,0,0,0,0,0,2.92321,0,0,0,0,20.6254,0,0,0,0,1.29773,0,0,0,0,0,0,0,0,0,0,0,0,0,0,7.87031,0,0,0,0,50.0198,0,0,0,0,4.34493,0,0,0,0,0,0,0,0,0,0,0,0,0,0,0.478342,0,0,0,0,11.2584,0,0,0,0,0.429622,0,0,0,0,0,0,0,0,0,0,0,0,0,0,0,0,0,0,0,0.296749,0,0,0,0,0,0,0,0,0,0,0,0
0,0,0,0,0,0,0,0,0,0,0,0,0.989872,0.0113779,0,0,0,0.00568893,0,0,0,0,0,0,0,0,0,0.00568893,0,0,0,0,9.98981,3.91966,0,0,0,29.2026,9.07962,0,0,0,7.86223,2.37797,0,0,0,0,0,0,0,0,0,0,0,0,0,5.58089,0,0,0,0,22.523,0,0,0,0,4.39754,0,0,0,0,0,0,0,0,0,0,0,0,0,0,0.0284446,0,0,0,0,3.8457,0,0,0,0,0.0455114,0,0,0,0,0,0,0,0,0,0,0,0,0,0,0,0,0,0,0,0.136534,0,0,0,0,0,0,0,0,0,0,0,0
0,0,0,0,0,0,0,0.0402507,0.0172503,0,0,0,0.695762,0.316255,0,0,0,0.0632511,0.264505,0,0,0,0,0,0,0,0,0.0977517,0.0115002,0,0,0,7.15319,2.71405,0,0,0,14.7371,5.10038,0,0,0,10.5283,5.14638,0,0,0,2.6278,1.33402,0,0,0,0.0402507,0,0,0,0,8.3377,0,0,0,0,12.2877,0,0,0,0,10.6491,0,0,0,0,2.45529,0,0,0,0,0,0,0,0,0,1.52377,0,0,0,0,9.92462,0,0,0,0,3.33507,0,0,0,0,0.276005,0,0,0,0,0,0,0,0,0,0,0,0,0,0,0.322006,0,0,0,0,0,0,0,0,0,0,0,0
0,0,0,0,0,0,0,0,0,0,0,0,0.713158,0.121869,0,0,0,0.00451365,0.0902731,0,0,0,0,0,0,0,0,0,0,0,0,0,4.30155,0.559693,0,0,0,30.0765,4.84771,0,0,0,10.1152,3.29499,0,0,0,0,0,0,0,0,0,0,0,0,0,2.75785,0,0,0,0,30.9746,0,0,0,0,6.87438,0,0,0,0,0,0,0,0,0,0,0,0,0,0,0.0225683,0,0,0,0,5.10951,0,0,0,0,0.00902731,0,0,0,0,0,0,0,0,0,0,0,0,0,0,0,0,0,0,0,0.121869,0,0,0,0,0,0,0,0,0,0,0,0
0,0,0,0,0,0,0,0,0,0,0,0,0.522633,0,0,0,0,0,0,0,0,0,0,0,0,0,0,0,0,0,0,0,1.55461,0,0,0,0,23.3625,0,0,0,0,0.748517,0,0,0,0,0,0,0,0,0,0,0,0,0,0,3.03393,0,0,0,0,60.0467,0,0,0,0,2.26327,0,0,0,0,0,0,0,0,0,0,0,0,0,0,0.0354327,0,0,0,0,8.07403,0,0,0,0,0.09744,0,0,0,0,0,0,0,0,0,0,0,0,0,0,0,0,0,0,0,0.256887,0,0,0,0,0,0,0,0,0,0,0,0
0,0,0,0,0,0,0,0.0328315,0,0,0,0,0.534684,0,0,0,0,0.0515923,0,0,0,0,0,0,0,0,0,0.863,0,0,0,0,11.3877,2.99234,0,0,0,18.1979,2.68748,0,0,0,4.56824,0.900522,0,0,0,0.103185,0,0,0,0,0.469021,0,0,0,0,13.6578,0,0,0,0,21.9688,0,0,0,0,6.05033,0,0,0,0,0.21106,0,0,0,0,0,0,0,0,0,2.41545,0,0,0,0,11.4065,0,0,0,0,1.1491,0,0,0,0,0,0,0,0,0,0,0,0,0,0,0,0,0,0,0,0.351766,0,0,0,0,0,0,0,0,0,0,0,0
0,0,0,0,0,0,0,0,0,0,0,0,0.965316,0.021815,0,0,0,0.00545375,0,0,0,0,0,0,0,0,0,0,0,0,0,0,9.06955,3.70857,0,0,0,29.7708,10.0022,0,0,0,8.07146,2.88504,0,0,0,0,0,0,0,0,0,0,0,0,0,4.83202,0,0,0,0,22.4745,0,0,0,0,4.28121,0,0,0,0,0,0,0,0,0,0,0,0,0,0,0.0272688,0,0,0,0,3.74129,0,0,0,0,0.0163613,0,0,0,0,0,0,0,0,0,0,0,0,0,0,0,0,0,0,0,0.125436,0,0,0,0,0,0,0,0,0,0,0,0
0,0,0,0,0,0,0,0,0,0,0,0,0.380041,0,0,0,0,0,0,0,0,0,0,0,0,0,0,0,0,0,0,0,3.8317,0,0,0,0,19.4085,0.00894214,0,0,0,1.47545,0,0,0,0,0,0,0,0,0,0,0,0,0,0,10.6054,0,0,0,0,45.299,0,0,0,0,4.90481,0,0,0,0,0,0,0,0,0,0,0,0,0,0,0.867387,0,0,0,0,12.3267,0,0,0,0,0.590181,0,0,0,0,0,0,0,0,0,0,0,0,0,0,0,0,0,0,0,0.299562,0,0,0,0,0,0,0,0,0,0,0,0
0,0,0,0,0,0,0,0.0449409,0.0192604,0,0,0,0.712635,0.173344,0,0,0,0.0706215,0.0898819,0,0,0,0,0,0,0,0,0.121983,0.0128403,0,0,0,8.21777,3.28711,0,0,0,16.121,5.79096,0,0,0,10.0026,4.95634,0,0,0,1.62429,0.808937,0,0,0,0.0449409,0,0,0,0,8.97535,0,0,0,0,12.7119,0,0,0,0,10.1759,0,0,0,0,1.70776,0,0,0,0,0,0,0,0,0,1.56009,0,0,0,0,9.71366,0,0,0,0,2.57447,0,0,0,0,0.115562,0,0,0,0,0,0,0,0,0,0,0,0,0,0,0.365948,0,0,0,0,0,0,0,0,0,0,0,0
0,0,0,0,0,0,0,0,0,0,0,0,0.628844,0,0,0,0,0,0,0,0,0,0,0,0,0,0,0,0,0,0,0,2.26476,0,0,0,0,30.8305,0.628844,0,0,0,7.50957,0.15949,0,0,0,0,0,0,0,0,0,0,0,0,0,2.49717,0,0,0,0,43.4162,0,0,0,0,6.44331,0,0,0,0,0,0,0,0,0,0,0,0,0,0,0.0182274,0,0,0,0,5.46818,0,0,0,0,0.00455685,0,0,0,0,0,0,0,0,0,0,0,0,0,0,0,0,0,0,0,0.132149,0,0,0,0,0,0,0,0,0,0,0,0
0,0,0,0,0,0,0,0,0.0047824,0,0,0,0.712577,0.105213,0,0,0,0.0047824,0,0,0,0,0,0,0,0,0,0,0,0,0,0,5.2367,0.789095,0,0,0,30.3665,6.39877,0,0,0,9.32561,3.81638,0,0,0,0,0,0,0,0,0,0,0,0,0,3.05597,0,0,0,0,29.5441,0,0,0,0,6.34617,0,0,0,0,0,0,0,0,0,0,0,0,0,0,0.023912,0,0,0,0,4.18461,0,0,0,0,0.0095648,0,0,0,0,0,0,0,0,0,0,0,0,0,0,0,0,0,0,0,0.071736,0,0,0,0,0,0,0,0,0,0,0,0
0,0,0,0,0,0,0,0.0341413,0.0487734,0,0,0,0.541384,0.014632,0,0,0,0.0536507,0,0,0,0,0,0,0,0,0,0.804759,0.029264,0,0,0,11.3447,3.7214,0,0,0,18.119,3.58484,0,0,0,5.14564,1.38028,0,0,0,0.195093,0.014632,0,0,0,0.380432,0,0,0,0,12.8907,0,0,0,0,19.5967,0,0,0,0,6.51136,0,0,0,0,0.29264,0,0,0,0,0,0,0,0,0,2.41916,0,0,0,0,11.2618,0,0,0,0,1.25347,0,0,0,0,0,0,0,0,0,0,0,0,0,0,0,0,0,0,0,0.360923,0,0,0,0,0,0,0,0,0,0,0,0
0,0,0,0,0,0,0,0,0,0,0,0,0.53315,0,0,0,0,0,0,0,0,0,0,0,0,0,0,0,0,0,0,0,1.24402,0,0,0,0,27.1807,0,0,0,0,1.43541,0,0,0,0,0,0,0,0,0,0,0,0,0,0,2.10527,0,0,0,0,58.4185,0,0,0,0,2.684,0,0,0,0,0,0,0,0,0,0,0,0,0,0,0,0,0,0,0,6.25193,0,0,0,0,0.00455685,0,0,0,0,0,0,0,0,0,0,0,0,0,0,0,0,0,0,0,0.150376,0,0,0,0,0,0,0,0,0,0,0,0
0,0,0,0,0,0,0,0,0,0,0,0,0.524037,0,0,0,0,0,0,0,0,0,0,0,0,0,0,0,0,0,0,0,2.15084,0,0,0,0,21.8494,0,0,0,0,1.02529,0,0,0,0,0,0,0,0,0,0,0,0,0,0,5.13099,0,0,0,0,54.8628,0,0,0,0,3.49057,0,0,0,0,0,0,0,0,0,0,0,0,0,0,0.218729,0,0,0,0,10.1479,0,0,0,0,0.314422,0,0,0,0,0,0,0,0,0,0,0,0,0,0,0,0,0,0,0,0.291638,0,0,0,0,0,0,0,0,0,0,0,0
0,0,0,0,0,0,0,0.0424989,0.0364277,0,0,0,0.661769,0.115354,0,0,0,0.066784,0.0485702,0,0,0,0,0,0,0,0,0.206423,0.0303564,0,0,0,9.17357,4.12849,0,0,0,16.8231,6.39908,0,0,0,9.32534,4.67489,0,0,0,1.0989,0.546414,0,0,0,0.0789266,0,0,0,0,9.2707,0,0,0,0,13.1076,0,0,0,0,9.27677,0,0,0,0,1.12319,0,0,0,0,0,0,0,0,0,1.73032,0,0,0,0,9.57426,0,0,0,0,2.03996,0,0,0,0,0.0485702,0,0,0,0,0,0,0,0,0,0,0,0,0,0,0.370348,0,0,0,0,0,0,0,0,0,0,0,0
0,0,0,0,0,0,0,0,0,0,0,0,0.919131,0,0,0,0,0,0,0,0,0,0,0,0,0,0,0.266065,0,0,0,0,7.93348,0.0483754,0,0,0,22.0104,0.338628,0,0,0,4.51504,0.0967508,0,0,0,0,0,0,0,0,0.0322503,0,0,0,0,9.17508,0,0,0,0,26.7994,0,0,0,0,9.11864,0,0,0,0,0,0,0,0,0,0,0,0,0,0,4.35379,0,0,0,0,12.6822,0,0,0,0,1.52383,0,0,0,0,0,0,0,0,0,0,0,0,0,0,0,0,0,0,0,0.185439,0,0,0,0,0,0,0,0,0,0,0,0
0,0,0,0,0,0,0,0,0,0,0,0,0.551378,0,0,0,0,0,0,0,0,0,0,0,0,0,0,0,0,0,0,0,1.27592,0,0,0,0,28.1421,0,0,0,0,2.31945,0,0,0,0,0,0,0,0,0,0,0,0,0,0,2.08705,0,0,0,0,55.9614,0,0,0,0,3.55892,0,0,0,0,0,0,0,0,0,0,0,0,0,0,0,0,0,0,0,5.96486,0,0,0,0,0.00455685,0,0,0,0,0,0,0,0,0,0,0,0,0,0,0,0,0,0,0,0.141262,0,0,0,0,0,0,0,0,0,0,0,0
0,0,0,0,0,0,0,0,0,0,0,0,0.524476,0,0,0,0,0,0,0,0,0,0,0,0,0,0,0,0,0,0,0,1.09496,0,0,0,0,25.9517,0,0,0,0,0.874125,0,0,0,0,0,0,0,0,0,0,0,0,0,0,1.96448,0,0,0,0,60.7731,0,0,0,0,1.95988,0,0,0,0,0,0,0,0,0,0,0,0,0,0,0,0,0,0,0,6.67092,0,0,0,0,0,0,0,0,0,0,0,0,0,0,0,0,0,0,0,0,0,0,0,0,0.184026,0,0,0,0,0,0,0,0,0,0,0,0
0,0,0,0,0,0,0,0,0,0,0,0,0.662495,0.013802,0,0,0,0.00460066,0.0230033,0,0,0,0,0,0,0,0,0,0,0,0,0,3.3309,0.188627,0,0,0,30.7225,2.79261,0,0,0,10.3835,1.67004,0,0,0,0,0,0,0,0,0,0,0,0,0,2.65919,0,0,0,0,34.7065,0,0,0,0,7.10337,0,0,0,0,0,0,0,0,0,0,0,0,0,0,0.0230033,0,0,0,0,5.57139,0,0,0,0,0.00920132,0,0,0,0,0,0,0,0,0,0,0,0,0,0,0,0,0,0,0,0.133419,0,0,0,0,0,0,0,0,0,0,0,0
0,0,0,0,0,0,0,0,0,0,0,0,0.968165,0,0,0,0,0.00593965,0,0,0,0,0,0,0,0,0,0.100974,0.00593965,0,0,0,11.4039,4.21716,0,0,0,28.2246,7.44824,0,0,0,7.14533,1.55619,0,0,0,0,0,0,0,0,0.0237586,0,0,0,0,6.90775,0,0,0,0,23.3898,0,0,0,0,4.38347,0,0,0,0,0,0,0,0,0,0,0,0,0,0,0.0356379,0,0,0,0,3.9974,0,0,0,0,0.0534569,0,0,0,0,0,0,0,0,0,0,0,0,0,0,0,0,0,0,0,0.130672,0,0,0,0,0,0,0,0,0,0,0,0
0,0,0,0,0,0,0,0,0,0,0,0,0.885793,0,0,0,0,0,0,0,0,0,0,0,0,0,0,0.0343997,0,0,0,0,4.98795,0.0601995,0,0,0,16.5035,0.232198,0,0,0,7.30988,0.0687994,0,0,0,0.0687994,0,0,0,0,0.0429997,0,0,0,0,9.82971,0,0,0,0,20.6918,0,0,0,0,14.2072,0,0,0,0,0.816994,0,0,0,0,0,0,0,0,0,2.72618,0,0,0,0,16.6583,0,0,0,0,4.65256,0,0,0,0,0.00859993,0,0,0,0,0,0,0,0,0,0,0,0,0,0,0.214998,0,0,0,0,0,0,0,0,0,0,0,0
0,0,0,0,0,0,0,0,0,0,0,0,0.899871,0.0327225,0,0,0,0.00545375,0,0,0,0,0,0,0,0,0,0,0,0,0,0,8.44779,3.03775,0,0,0,30.2943,9.88766,0,0,0,8.32234,3.15773,0,0,0,0,0,0,0,0,0,0,0,0,0,4.61933,0,0,0,0,22.9108,0,0,0,0,4.41755,0,0,0,0,0,0,0,0,0,0,0,0,0,0,0.0272688,0,0,0,0,3.80674,0,0,0,0,0.0163613,0,0,0,0,0,0,0,0,0,0,0,0,0,0,0,0,0,0,0,0.114529,0,0,0,0,0,0,0,0,0,0,0,0
0,0,0,0,0,0,0,0.0370077,0.0528681,0,0,0,0.560402,0.0211472,0,0,0,0.0581549,0.0105736,0,0,0,0,0,0,0,0,0.697859,0.100449,0,0,0,11.3509,4.06023,0,0,0,18.2348,4.12367,0,0,0,5.72025,1.66006,0,0,0,0.24848,0.0370077,0,0,0,0.301348,0,0,0,0,12.2497,0,0,0,0,18.0444,0,0,0,0,6.86217,0,0,0,0,0.317209,0,0,0,0,0,0,0,0,0,2.46364,0,0,0,0,11.0601,0,0,0,0,1.35342,0,0,0,0,0,0,0,0,0,0,0,0,0,0,0,0,0,0,0,0.375364,0,0,0,0,0,0,0,0,0,0,0,0
0,0,0,0,0,0,0,0,0.0131363,0,0,0,0.722495,0.262726,0,0,0,0.0722496,0.328407,0,0,0,0,0,0,0,0,0.0328407,0,0,0,0,6.2791,1.87193,0,0,0,14.1081,4.17079,0,0,0,11.2773,4.42694,0,0,0,3.4877,1.21511,0,0,0,0.00656814,0,0,0,0,7.7766,0,0,0,0,13.136,0,0,0,0,11.3496,0,0,0,0,2.81775,0,0,0,0,0,0,0,0,0,1.43186,0,0,0,0,10.2724,0,0,0,0,4.17079,0,0,0,0,0.453202,0,0,0,0,0,0,0,0,0,0,0,0,0,0,0.315271,0,0,0,0,0,0,0,0,0,0,0,0
0,0,0,0,0,0,0,0.013802,0,0,0,0,0.41406,0,0,0,0,0,0,0,0,0,0,0,0,0,0,0,0,0,0,0,6.97455,0.027604,0,0,0,19.1797,0.193228,0,0,0,2.15771,0.041406,0,0,0,0,0,0,0,0,0,0,0,0,0,14.3722,0,0,0,0,36.0223,0,0,0,0,5.27236,0,0,0,0,0.0230033,0,0,0,0,0,0,0,0,0,1.83566,0,0,0,0,12.325,0,0,0,0,0.818917,0,0,0,0,0,0,0,0,0,0,0,0,0,0,0,0,0,0,0,0.326647,0,0,0,0,0,0,0,0,0,0,0,0
0,0,0,0,0,0,0,0,0,0,0,0,0.87733,0,0,0,0,0,0,0,0,0,0,0,0,0,0,0.372671,0,0,0,0,9.44865,0.0854037,0,0,0,23.6342,0.737578,0,0,0,4.34003,0.0931677,0,0,0,0,0,0,0,0,0.0465838,0,0,0,0,9.88343,0,0,0,0,27.9359,0,0,0,0,7.57756,0,0,0,0,0,0,0,0,0,0,0,0,0,0,3.51706,0,0,0,0,10.3104,0,0,0,0,0.962734,0,0,0,0,0,0,0,0,0,0,0,0,0,0,0,0,0,0,0,0.178571,0,0,0,0,0,0,0,0,0,0,0,0
0,0,0,0,0,0,0,0,0,0,0,0,0.571349,0,0,0,0,0,0,0,0,0,0,0,0,0,0,0,0,0,0,0,1.28205,0,0,0,0,28.9934,0,0,0,0,3.29338,0,0,0,0,0,0,0,0,0,0,0,0,0,0,2.03456,0,0,0,0,53.3434,0,0,0,0,4.55224,0,0,0,0,0,0,0,0,0,0,0,0,0,0,0.00929023,0,0,0,0,5.79719,0,0,0,0,0.00464511,0,0,0,0,0,0,0,0,0,0,0,0,0,0,0,0,0,0,0,0.120773,0,0,0,0,0,0,0,0,0,0,0,0
0,0,0,0,0,0,0,0,0,0,0,0,0.520957,0,0,0,0,0,0,0,0,0,0,0,0,0,0,0,0,0,0,0,1.01823,0,0,0,0,24.7122,0,0,0,0,0.359934,0,0,0,0,0,0,0,0,0,0,0,0,0,0,1.96068,0,0,0,0,63.1285,0,0,0,0,1.29292,0,0,0,0,0,0,0,0,0,0,0,0,0,0,0,0,0,0,0,6.80556,0,0,0,0,0,0,0,0,0,0,0,0,0,0,0,0,0,0,0,0,0,0,0,0,0.213119,0,0,0,0,0,0,0,0,0,0,0,0
0,0,0,0,0,0,0,0,0,0,0,0,1.00493,0,0,0,0,0.00656814,0,0,0,0,0,0,0,0,0,0.137931,0,0,0,0,11.9275,3.51397,0,0,0,28.7171,6.31851,0,0,0,6.7914,1.07061,0,0,0,0,0,0,0,0,0.045977,0,0,0,0,7.40222,0,0,0,0,24.467,0,0,0,0,4.38096,0,0,0,0,0,0,0,0,0,0,0,0,0,0,0.045977,0,0,0,0,3.96061,0,0,0,0,0.0591133,0,0,0,0,0,0,0,0,0,0,0,0,0,0,0,0,0,0,0,0.151067,0,0,0,0,0,0,0,0,0,0,0,0
0,0,0,0,0,0,0,0,0.00507588,0,0,0,0.771533,0.101518,0,0,0,0.00507588,0,0,0,0,0,0,0,0,0,0,0,0,0,0,6.21293,1.4111,0,0,0,31.2909,8.45137,0,0,0,9.03505,4.0049,0,0,0,0,0,0,0,0,0,0,0,0,0,3.34503,0,0,0,0,26.4895,0,0,0,0,5.2282,0,0,0,0,0,0,0,0,0,0,0,0,0,0,0.0253794,0,0,0,0,3.53284,0,0,0,0,0.0101518,0,0,0,0,0,0,0,0,0,0,0,0,0,0,0,0,0,0,0,0.0761383,0,0,0,0,0,0,0,0,0,0,0,0
0,0,0,0,0,0,0,0.0424989,0.0424989,0,0,0,0.643555,0.0303564,0,0,0,0.066784,0.0121426,0,0,0,0,0,0,0,0,0.279279,0.0424989,0,0,0,10.1146,4.87523,0,0,0,17.7156,6.33837,0,0,0,8.37218,3.70957,0,0,0,0.643555,0.254993,0,0,0,0.0971404,0,0,0,0,9.98709,0,0,0,0,14.0487,0,0,0,0,8.15362,0,0,0,0,0.740695,0,0,0,0,0,0,0,0,0,1.97924,0,0,0,0,9.65925,0,0,0,0,1.76675,0,0,0,0,0.0121426,0,0,0,0,0,0,0,0,0,0,0,0,0,0,0.370348,0,0,0,0,0,0,0,0,0,0,0,0
0,0,0,0,0,0,0,0,0,0,0,0,0.556016,0,0,0,0,0,0,0,0,0,0,0,0,0,0,0,0,0,0,0,1.48759,0,0,0,0,22.7034,0,0,0,0,0.63893,0,0,0,0,0,0,0,0,0,0,0,0,0,0,2.67765,0,0,0,0,60.1217,0,0,0,0,2.29722,0,0,0,0,0,0,0,0,0,0,0,0,0,0,0.07316,0,0,0,0,9.0232,0,0,0,0,0.141443,0,0,0,0,0,0,0,0,0,0,0,0,0,0,0,0,0,0,0,0.287763,0,0,0,0,0,0,0,0,0,0,0,0
0,0,0,0,0,0,0,0.0328315,0,0,0,0,0.539374,0,0,0,0,0.0515923,0,0,0,0,0,0,0,0,0,0.830168,0,0,0,0,11.369,2.12466,0,0,0,18.5403,2.06838,0,0,0,4.06639,0.619108,0,0,0,0.0609728,0,0,0,0,0.44088,0,0,0,0,14.1831,0,0,0,0,23.6807,0,0,0,0,5.81113,0,0,0,0,0.150087,0,0,0,0,0,0,0,0,0,2.4389,0,0,0,0,11.5331,0,0,0,0,1.09751,0,0,0,0,0,0,0,0,0,0,0,0,0,0,0,0,0,0,0,0.361146,0,0,0,0,0,0,0,0,0,0,0,0
0,0,0,0,0,0,0,0,0,0,0,0,0.676617,0,0,0,0,0,0,0,0,0,0,0,0,0,0,0,0,0,0,0,2.14924,0.0149254,0,0,0,31.4657,0.9602,0,0,0,8.57727,0.318408,0,0,0,0,0,0,0,0,0,0,0,0,0,2.40795,0,0,0,0,40.34,0,0,0,0,7.04487,0,0,0,0,0,0,0,0,0,0,0,0,0,0,0.0248756,0,0,0,0,5.86572,0,0,0,0,0.00497512,0,0,0,0,0,0,0,0,0,0,0,0,0,0,0,0,0,0,0,0.144279,0,0,0,0,0,0,0,0,0,0,0,0
0,0,0,0,0,0,0,0,0,0,0,0,0.7876,0.0167574,0,0,0,0,0,0,0,0,0,0,0,0,0,0,0,0,0,0,5.28695,0.343527,0,0,0,15.2997,1.09761,0,0,0,10.2555,0.611647,0,0,0,1.22329,0,0,0,0,0,0,0,0,0,8.0351,0,0,0,0,16.2549,0,0,0,0,13.8166,0,0,0,0,3.06662,0,0,0,0,0,0,0,0,0,2.01928,0,0,0,0,14.5288,0,0,0,0,6.7113,0,0,0,0,0.444072,0,0,0,0,0,0,0,0,0,0,0,0,0,0,0.201089,0,0,0,0,0,0,0,0,0,0,0,0
0,0,0,0,0,0,0,0.0406859,0.0581226,0,0,0,0.592851,0.0232491,0,0,0,0.0639349,0.0116245,0,0,0,0,0,0,0,0,0.54054,0.0988085,0,0,0,11.2992,4.50447,0,0,0,18.4657,4.67302,0,0,0,6.42248,1.99361,0,0,0,0.278989,0.0464981,0,0,0,0.203429,0,0,0,0,11.6072,0,0,0,0,16.5246,0,0,0,0,7.11413,0,0,0,0,0.348736,0,0,0,0,0,0,0,0,0,2.45859,0,0,0,0,10.7702,0,0,0,0,1.46469,0,0,0,0,0,0,0,0,0,0,0,0,0,0,0,0,0,0,0,0.395234,0,0,0,0,0,0,0,0,0,0,0,0
0,0,0,0,0,0,0,0,0,0,0,0,0.963628,0,0,0,0,0,0,0,0,0,0,0,0,0,0,0.00944733,0,0,0,0,4.33632,0.00944733,0,0,0,16.542,0.0188947,0,0,0,5.94233,0.0188947,0,0,0,0,0,0,0,0,0.0188947,0,0,0,0,9.86287,0,0,0,0,23.4006,0,0,0,0,13.4811,0,0,0,0,0.28342,0,0,0,0,0,0,0,0,0,3.11762,0,0,0,0,17.7134,0,0,0,0,4.05291,0,0,0,0,0,0,0,0,0,0,0,0,0,0,0,0,0,0,0,0.226736,0,0,0,0,0,0,0,0,0,0,0,0
0,0,0,0,0,0,0,0,0,0,0,0,1.02249,0.00757404,0,0,0,0.00757404,0,0,0,0,0,0,0,0,0,0.340831,0,0,0,0,12.9138,1.20427,0,0,0,27.2667,2.74181,0,0,0,5.38516,0.295387,0,0,0,0,0,0,0,0,0.0757404,0,0,0,0,8.72533,0,0,0,0,27.4409,0,0,0,0,5.46848,0,0,0,0,0,0,0,0,0,0,0,0,0,0,0.817995,0,0,0,0,5.84718,0,0,0,0,0.280239,0,0,0,0,0,0,0,0,0,0,0,0,0,0,0,0,0,0,0,0.159055,0,0,0,0,0,0,0,0,0,0,0,0
0,0,0,0,0,0,0,0,0,0,0,0,0.847681,0.01766,0,0,0,0,0,0,0,0,0,0,0,0,0,0,0,0,0,0,5.06845,0.16777,0,0,0,16.0089,0.635761,0,0,0,9.13912,0.211921,0,0,0,0.512141,0,0,0,0,0,0,0,0,0,8.59165,0,0,0,0,17.1832,0,0,0,0,14.084,0,0,0,0,2.234,0,0,0,0,0,0,0,0,0,2.38411,0,0,0,0,15.797,0,0,0,0,6.71968,0,0,0,0,0.185431,0,0,0,0,0,0,0,0,0,0,0,0,0,0,0.211921,0,0,0,0,0,0,0,0,0,0,0,0
0,0,0,0,0,0,0,0,0,0,0,0,0.759432,0.0734934,0,0,0,0,0.0244978,0,0,0,0,0,0,0,0,0,0,0,0,0,5.61812,0.612445,0,0,0,14.7806,1.73118,0,0,0,11.1711,1.33105,0,0,0,1.9435,0.0326637,0,0,0,0,0,0,0,0,7.8229,0,0,0,0,15.5727,0,0,0,0,13.2208,0,0,0,0,3.46234,0,0,0,0,0,0,0,0,0,1.73118,0,0,0,0,13.2127,0,0,0,0,6.16523,0,0,0,0,0.530785,0,0,0,0,0,0,0,0,0,0,0,0,0,0,0.204148,0,0,0,0,0,0,0,0,0,0,0,0
0,0,0,0,0,0,0,0,0,0,0,0,0.634053,0,0,0,0,0,0,0,0,0,0,0,0,0,0,0,0,0,0,0,1.27298,0,0,0,0,30.1556,0,0,0,0,4.71153,0,0,0,0,0,0,0,0,0,0,0,0,0,0,1.96069,0,0,0,0,49.9929,0,0,0,0,5.37976,0,0,0,0,0,0,0,0,0,0,0,0,0,0,0.014632,0,0,0,0,5.74558,0,0,0,0,0.00487733,0,0,0,0,0,0,0,0,0,0,0,0,0,0,0,0,0,0,0,0.131688,0,0,0,0,0,0,0,0,0,0,0,0
0,0,0,0,0,0,0,0,0,0,0,0,1.07169,0,0,0,0,0.00739098,0,0,0,0,0,0,0,0,0,0.118256,0,0,0,0,12.2838,2.60901,0,0,0,29.4383,5.09977,0,0,0,6.26755,0.628233,0,0,0,0,0,0,0,0,0.0517369,0,0,0,0,7.65705,0,0,0,0,25.9571,0,0,0,0,4.39024,0,0,0,0,0,0,0,0,0,0,0,0,0,0,0.0960828,0,0,0,0,4.06504,0,0,0,0,0.103474,0,0,0,0,0,0,0,0,0,0,0,0,0,0,0,0,0,0,0,0.155211,0,0,0,0,0,0,0,0,0,0,0,0
0,0,0,0,0,0,0,0.0338066,0,0,0,0,0.526418,0,0,0,0,0.0338066,0,0,0,0,0,0,0,0,0,0.284941,0,0,0,0,10.8179,0.753405,0,0,0,18.7961,1.03835,0,0,0,3.15365,0.265623,0,0,0,0.0193181,0,0,0,0,0.289771,0,0,0,0,15.034,0,0,0,0,27.5373,0,0,0,0,5.44279,0,0,0,0,0.0676133,0,0,0,0,0,0,0,0,0,2.51617,0,0,0,0,12.0349,0,0,0,0,0.980393,0,0,0,0,0,0,0,0,0,0,0,0,0,0,0,0,0,0,0,0.371873,0,0,0,0,0,0,0,0,0,0,0,0
0,0,0,0,0,0,0,0,0,0,0,0,0.537313,0,0,0,0,0,0,0,0,0,0,0,0,0,0,0,0,0,0,0,0.925374,0,0,0,0,23.646,0,0,0,0,0.283582,0,0,0,0,0,0,0,0,0,0,0,0,0,0,1.73134,0,0,0,0,64.3115,0,0,0,0,1.24875,0,0,0,0,0,0,0,0,0,0,0,0,0,0,0,0,0,0,0,7.07472,0,0,0,0,0,0,0,0,0,0,0,0,0,0,0,0,0,0,0,0,0,0,0,0,0.233831,0,0,0,0,0,0,0,0,0,0,0,0
0,0,0,0,0,0,0,0,0.00837872,0,0,0,0.72057,0.117302,0,0,0,0,0.100545,0,0,0,0,0,0,0,0,0,0,0,0,0,5.73939,0.888145,0,0,0,14.6042,2.34605,0,0,0,11.6632,2.13658,0,0,0,2.56389,0.142438,0,0,0,0,0,0,0,0,7.78374,0,0,0,0,15.4254,0,0,0,0,12.6352,0,0,0,0,3.25095,0,0,0,0,0,0,0,0,0,1.39925,0,0,0,0,12.1659,0,0,0,0,5.60533,0,0,0,0,0.502723,0,0,0,0,0,0,0,0,0,0,0,0,0,0,0.201089,0,0,0,0,0,0,0,0,0,0,0,0
0,0,0,0,0,0,0,0,0,0,0,0,0.43145,0,0,0,0,0,0,0,0,0,0,0,0,0,0,0,0,0,0,0,2.32477,0,0,0,0,19.3433,0,0,0,0,1.08116,0,0,0,0,0,0,0,0,0,0,0,0,0,0,8.10624,0,0,0,0,50.7725,0,0,0,0,3.84247,0,0,0,0,0,0,0,0,0,0,0,0,0,0,0.639561,0,0,0,0,12.6031,0,0,0,0,0.512664,0,0,0,0,0,0,0,0,0,0,0,0,0,0,0,0,0,0,0,0.34516,0,0,0,0,0,0,0,0,0,0,0,0
0,0,0,0,0,0,0,0,0,0,0,0,0.400995,0,0,0,0,0,0,0,0,0,0,0,0,0,0,0,0,0,0,0,5.02008,0.00507588,0,0,0,19.2012,0.045683,0,0,0,1.7055,0.00507588,0,0,0,0,0,0,0,0,0,0,0,0,0,12.999,0,0,0,0,40.7345,0,0,0,0,4.66477,0,0,0,0,0,0,0,0,0,0,0,0,0,0,1.17761,0,0,0,0,13.0193,0,0,0,0,0.700471,0,0,0,0,0,0,0,0,0,0,0,0,0,0,0,0,0,0,0,0.319781,0,0,0,0,0,0,0,0,0,0,0,0
0,0,0,0,0,0,0,0,0,0,0,0,0.440958,0,0,0,0,0,0,0,0,0,0,0,0,0,0,0,0,0,0,0,1.75358,0,0,0,0,20.2214,0,0,0,0,0.871662,0,0,0,0,0,0,0,0,0,0,0,0,0,0,5.26587,0,0,0,0,56.0845,0,0,0,0,3.2713,0,0,0,0,0,0,0,0,0,0,0,0,0,0,0.312773,0,0,0,0,11.0955,0,0,0,0,0.33841,0,0,0,0,0,0,0,0,0,0,0,0,0,0,0,0,0,0,0,0.33841,0,0,0,0,0,0,0,0,0,0,0,0
0,0,0,0,0,0,0,0,0,0,0,0,0.730344,0.0828758,0,0,0,0.00517974,0.0569771,0,0,0,0,0,0,0,0,0,0,0,0,0,4.1334,0.502434,0,0,0,31.5357,5.52161,0,0,0,9.67572,3.63615,0,0,0,0,0,0,0,0,0,0,0,0,0,2.63648,0,0,0,0,30.3805,0,0,0,0,6.33485,0,0,0,0,0,0,0,0,0,0,0,0,0,0,0.0258987,0,0,0,0,4.65139,0,0,0,0,0.0103595,0,0,0,0,0,0,0,0,0,0,0,0,0,0,0,0,0,0,0,0.0828758,0,0,0,0,0,0,0,0,0,0,0,0
0,0,0,0,0,0,0,0,0.00786164,0,0,0,0.731132,0.165094,0,0,0,0.086478,0.188679,0,0,0,0,0,0,0,0,0,0,0,0,0,5.42452,1.05346,0,0,0,13.994,3.00314,0,0,0,12.0442,3.15251,0,0,0,3.63207,0.558176,0,0,0,0,0,0,0,0,7.19338,0,0,0,0,14.5208,0,0,0,0,12.06,0,0,0,0,3.20754,0,0,0,0,0,0,0,0,0,1.4544,0,0,0,0,11.1322,0,0,0,0,5.38521,0,0,0,0,0.691824,0,0,0,0,0,0,0,0,0,0,0,0,0,0,0.314465,0,0,0,0,0,0,0,0,0,0,0,0
0,0,0,0,0,0,0,0.0352212,0.0211327,0,0,0,0.760778,0.288814,0,0,0,0.0774866,0.288814,0,0,0,0,0,0,0,0,0.028177,0,0,0,0,6.48074,2.12031,0,0,0,15.0462,4.74784,0,0,0,11.4327,4.99439,0,0,0,2.88814,1.35249,0,0,0,0.00704424,0,0,0,0,7.65714,0,0,0,0,13.2007,0,0,0,0,10.8973,0,0,0,0,2.48662,0,0,0,0,0,0,0,0,0,1.34545,0,0,0,0,9.65057,0,0,0,0,3.54326,0,0,0,0,0.28177,0,0,0,0,0,0,0,0,0,0,0,0,0,0,0.3663,0,0,0,0,0,0,0,0,0,0,0,0
0,0,0,0,0,0,0,0,0,0,0,0,0.722967,0.0102548,0,0,0,0.00512742,0.0256371,0,0,0,0,0,0,0,0,0,0,0,0,0,3.19439,0.210224,0,0,0,31.5418,3.30206,0,0,0,10.4392,2.18428,0,0,0,0,0,0,0,0,0,0,0,0,0,2.46117,0,0,0,0,33.0132,0,0,0,0,6.92716,0,0,0,0,0,0,0,0,0,0,0,0,0,0,0.0256371,0,0,0,0,5.77861,0,0,0,0,0.0102548,0,0,0,0,0,0,0,0,0,0,0,0,0,0,0,0,0,0,0,0.143568,0,0,0,0,0,0,0,0,0,0,0,0
0,0,0,0,0,0,0,0.0505014,0.0216435,0,0,0,0.728663,0.129861,0,0,0,0.0793594,0.0577159,0,0,0,0,0,0,0,0,0.0937883,0.00721449,0,0,0,8.51316,3.48462,0,0,0,17.4157,6.47144,0,0,0,10.2158,5.08625,0,0,0,1.21204,0.634875,0,0,0,0.0360724,0,0,0,0,8.60695,0,0,0,0,13.3108,0,0,0,0,9.51598,0,0,0,0,1.13268,0,0,0,0,0,0,0,0,0,1.55112,0,0,0,0,9.06868,0,0,0,0,2.12107,0,0,0,0,0.0432869,0,0,0,0,0,0,0,0,0,0,0,0,0,0,0.411226,0,0,0,0,0,0,0,0,0,0,0,0
0,0,0,0,0,0,0,0,0,0,0,0,0.928572,0.038961,0,0,0,0.00649351,0,0,0,0,0,0,0,0,0,0,0,0,0,0,7.12342,1.51948,0,0,0,32.6147,8.68837,0,0,0,9.12344,3.08442,0,0,0,0,0,0,0,0,0,0,0,0,0,3.77923,0,0,0,0,24.025,0,0,0,0,4.72729,0,0,0,0,0,0,0,0,0,0,0,0,0,0,0.0324675,0,0,0,0,4.20131,0,0,0,0,0.012987,0,0,0,0,0,0,0,0,0,0,0,0,0,0,0,0,0,0,0,0.0909091,0,0,0,0,0,0,0,0,0,0,0,0
0,0,0,0,0,0,0,0.0307645,0,0,0,0,0.461468,0,0,0,0,0,0,0,0,0,0,0,0,0,0,0,0,0,0,0,8.80885,0.0769112,0,0,0,19.2473,0.333282,0,0,0,2.50219,0.0564016,0,0,0,0,0,0,0,0,0,0,0,0,0,15.3252,0,0,0,0,31.7315,0,0,0,0,5.14281,0,0,0,0,0.0256371,0,0,0,0,0,0,0,0,0,2.35862,0,0,0,0,12.5925,0,0,0,0,0.928064,0,0,0,0,0,0,0,0,0,0,0,0,0,0,0,0,0,0,0,0.374302,0,0,0,0,0,0,0,0,0,0,0,0
0,0,0,0,0,0,0,0,0,0,0,0,0.957495,0,0,0,0,0,0,0,0,0,0,0,0,0,0,0.134228,0,0,0,0,7.82094,0,0,0,0,22.8549,0.134228,0,0,0,3.23938,0.0178971,0,0,0,0,0,0,0,0,0.0268456,0,0,0,0,9.53902,0,0,0,0,29.6832,0,0,0,0,7.48985,0,0,0,0,0,0,0,0,0,0,0,0,0,0,4.60849,0,0,0,0,12.1788,0,0,0,0,1.10962,0,0,0,0,0,0,0,0,0,0,0,0,0,0,0,0,0,0,0,0.205817,0,0,0,0,0,0,0,0,0,0,0,0
0,0,0,0,0,0,0,0.0449409,0.0513611,0,0,0,0.629173,0.0256805,0,0,0,0.0706215,0.0128403,0,0,0,0,0,0,0,0,0.353107,0.0642013,0,0,0,11.0747,4.9756,0,0,0,18.6441,5.46353,0,0,0,7.32537,2.56805,0,0,0,0.314587,0.0770416,0,0,0,0.121983,0,0,0,0,10.773,0,0,0,0,15.2542,0,0,0,0,7.28685,0,0,0,0,0.385208,0,0,0,0,0,0,0,0,0,2.31767,0,0,0,0,10.2016,0,0,0,0,1.55367,0,0,0,0,0,0,0,0,0,0,0,0,0,0,0,0,0,0,0,0.410889,0,0,0,0,0,0,0,0,0,0,0,0
0,0,0,0,0,0,0,0,0.00551116,0,0,0,0.810141,0.121245,0,0,0,0.00551116,0,0,0,0,0,0,0,0,0,0,0,0,0,0,5.32928,0.80463,0,0,0,32.3704,7.23619,0,0,0,9.21474,3.72551,0,0,0,0,0,0,0,0,0,0,0,0,0,2.93192,0,0,0,0,28.0447,0,0,0,0,5.40093,0,0,0,0,0,0,0,0,0,0,0,0,0,0,0.0275558,0,0,0,0,3.87982,0,0,0,0,0.0110223,0,0,0,0,0,0,0,0,0,0,0,0,0,0,0,0,0,0,0,0.0771562,0,0,0,0,0,0,0,0,0,0,0,0
0,0,0,0,0,0,0,0.0499002,0.0213858,0,0,0,0.71286,0.0285144,0,0,0,0.0784146,0.0142572,0,0,0,0,0,0,0,0,0.149701,0.0213858,0,0,0,9.65938,4.31284,0,0,0,18.1708,6.60116,0,0,0,9.2673,4.22017,0,0,0,0.734245,0.299401,0,0,0,0.0641574,0,0,0,0,9.2174,0,0,0,0,13.9152,0,0,0,0,8.5473,0,0,0,0,0.727117,0,0,0,0,0,0,0,0,0,1.76076,0,0,0,0,9.19601,0,0,0,0,1.81066,0,0,0,0,0.0142572,0,0,0,0,0,0,0,0,0,0,0,0,0,0,0.40633,0,0,0,0,0,0,0,0,0,0,0,0
0,0,0,0,0,0,0,0,0,0,0,0,0.57155,0,0,0,0,0,0,0,0,0,0,0,0,0,0,0,0,0,0,0,1.29801,0,0,0,0,21.5167,0,0,0,0,0.57155,0,0,0,0,0,0,0,0,0,0,0,0,0,0,2.58533,0,0,0,0,60.4746,0,0,0,0,2.35031,0,0,0,0,0,0,0,0,0,0,0,0,0,0,0.0961487,0,0,0,0,10.0314,0,0,0,0,0.192297,0,0,0,0,0,0,0,0,0,0,0,0,0,0,0,0,0,0,0,0.309812,0,0,0,0,0,0,0,0,0,0,0,0
0,0,0,0,0,0,0,0,0,0,0,0,0.550184,0,0,0,0,0,0,0,0,0,0,0,0,0,0,0,0,0,0,0,0.886704,0,0,0,0,22.7936,0,0,0,0,0.277763,0,0,0,0,0,0,0,0,0,0,0,0,0,0,1.32472,0,0,0,0,64.7524,0,0,0,0,1.33006,0,0,0,0,0,0,0,0,0,0,0,0,0,0,0,0,0,0,0,7.79333,0,0,0,0,0.026708,0,0,0,0,0,0,0,0,0,0,0,0,0,0,0,0,0,0,0,0.261738,0,0,0,0,0,0,0,0,0,0,0,0
0,0,0,0,0,0,0,0,0,0,0,0,1.04729,0,0,0,0,0,0,0,0,0,0,0,0,0,0,0,0,0,0,0,3.67079,0,0,0,0,16.5982,0.0105787,0,0,0,4.53823,0,0,0,0,0,0,0,0,0,0,0,0,0,0,9.88053,0,0,0,0,26.6369,0,0,0,0,12.0281,0,0,0,0,0.0634719,0,0,0,0,0,0,0,0,0,3.53326,0,0,0,0,18.4705,0,0,0,0,3.27938,0,0,0,0,0,0,0,0,0,0,0,0,0,0,0,0,0,0,0,0.243309,0,0,0,0,0,0,0,0,0,0,0,0
0,0,0,0,0,0,0,0,0,0,0,0,1.12078,0.00696136,0,0,0,0.00696136,0,0,0,0,0,0,0,0,0,0,0,0,0,0,10.3238,3.86355,0,0,0,31.6897,9.06375,0,0,0,7.26069,1.70553,0,0,0,0,0,0,0,0,0,0,0,0,0,5.08875,0,0,0,0,22.0824,0,0,0,0,3.50156,0,0,0,0,0,0,0,0,0,0,0,0,0,0,0.0348068,0,0,0,0,4.07239,0,0,0,0,0.0208841,0,0,0,0,0,0,0,0,0,0,0,0,0,0,0,0,0,0,0,0.160111,0,0,0,0,0,0,0,0,0,0,0,0
0,0,0,0,0,0,0,0,0,0,0,0,0.741711,0,0,0,0,0.00545375,0,0,0,0,0,0,0,0,0,0,0,0,0,0,2.1106,0.0327225,0,0,0,31.952,1.33071,0,0,0,9.56042,0.578098,0,0,0,0,0,0,0,0,0,0,0,0,0,2.21967,0,0,0,0,37.647,0,0,0,0,7.2316,0,0,0,0,0,0,0,0,0,0,0,0,0,0,0.0272688,0,0,0,0,6.39175,0,0,0,0,0.0109075,0,0,0,0,0,0,0,0,0,0,0,0,0,0,0,0,0,0,0,0.158159,0,0,0,0,0,0,0,0,0,0,0,0
0,0,0,0,0,0,0,0,0,0,0,0,0.685449,0,0,0,0,0,0,0,0,0,0,0,0,0,0,0,0,0,0,0,1.23597,0,0,0,0,31.1431,0.0269862,0,0,0,5.90463,0,0,0,0,0,0,0,0,0,0,0,0,0,0,1.71092,0,0,0,0,46.5538,0,0,0,0,6.34721,0,0,0,0,0,0,0,0,0,0,0,0,0,0,0.0215889,0,0,0,0,6.21228,0,0,0,0,0.00539724,0,0,0,0,0,0,0,0,0,0,0,0,0,0,0,0,0,0,0,0.15652,0,0,0,0,0,0,0,0,0,0,0,0
0,0,0,0,0,0,0,0,0,0,0,0,1.12973,0,0,0,0,0.00748167,0,0,0,0,0,0,0,0,0,0.00748167,0,0,0,0,11.2598,3.89045,0,0,0,31.7389,7.90805,0,0,0,6.66611,1.10729,0,0,0,0,0,0,0,0,0,0,0,0,0,5.7384,0,0,0,0,22.9768,0,0,0,0,3.50889,0,0,0,0,0,0,0,0,0,0,0,0,0,0,0.0374084,0,0,0,0,3.84556,0,0,0,0,0.0149633,0,0,0,0,0,0,0,0,0,0,0,0,0,0,0,0,0,0,0,0.164597,0,0,0,0,0,0,0,0,0,0,0,0
0,0,0,0,0,0,0,0,0,0,0,0,1.07439,0.0135999,0,0,0,0.00679995,0,0,0,0,0,0,0,0,0,0,0,0,0,0,9.32961,3.44077,0,0,0,32.095,9.92118,0,0,0,7.70446,2.17598,0,0,0,0,0,0,0,0,0,0,0,0,0,4.50158,0,0,0,0,21.8275,0,0,0,0,3.58357,0,0,0,0,0,0,0,0,0,0,0,0,0,0,0.0339997,0,0,0,0,4.12757,0,0,0,0,0.0135999,0,0,0,0,0,0,0,0,0,0,0,0,0,0,0,0,0,0,0,0.149599,0,0,0,0,0,0,0,0,0,0,0,0
0,0,0,0,0,0,0,0.0411281,0,0,0,0,0.605171,0,0,0,0,0.0646299,0,0,0,0,0,0,0,0,0,0.734431,0.0293772,0,0,0,12.2328,3.49,0,0,0,18.7778,3.10222,0,0,0,4.88836,1.03408,0,0,0,0.0822562,0,0,0,0,0.264395,0,0,0,0,13.0437,0,0,0,0,19.518,0,0,0,0,5.79908,0,0,0,0,0.141011,0,0,0,0,0,0,0,0,0,2.73795,0,0,0,0,11.7569,0,0,0,0,1.22797,0,0,0,0,0,0,0,0,0,0,0,0,0,0,0,0,0,0,0,0.428907,0,0,0,0,0,0,0,0,0,0,0,0
0,0,0,0,0,0,0,0,0,0,0,0,0.969154,0,0,0,0,0,0,0,0,0,0,0,0,0,0,0.130463,0,0,0,0,9.50512,0,0,0,0,25.6921,0.437984,0,0,0,3.19635,0.0186376,0,0,0,0,0,0,0,0,0.0186376,0,0,0,0,10.1108,0,0,0,0,30.8829,0,0,0,0,5.86154,0,0,0,0,0,0,0,0,0,0,0,0,0,0,2.59995,0,0,0,0,9.72876,0,0,0,0,0.642997,0,0,0,0,0,0,0,0,0,0,0,0,0,0,0,0,0,0,0,0.205014,0,0,0,0,0,0,0,0,0,0,0,0
0,0,0,0,0,0,0,0,0.0082713,0,0,0,0.736145,0.206782,0,0,0,0.0909843,0.25641,0,0,0,0,0,0,0,0,0,0,0,0,0,5.48384,1.27378,0,0,0,14.5491,3.598,0,0,0,12.1422,3.92058,0,0,0,3.52356,0.901571,0,0,0,0,0,0,0,0,7.12154,0,0,0,0,14.8469,0,0,0,0,12.0346,0,0,0,0,2.93631,0,0,0,0,0,0,0,0,0,1.22415,0,0,0,0,9.98338,0,0,0,0,4.42512,0,0,0,0,0.430108,0,0,0,0,0,0,0,0,0,0,0,0,0,0,0.306038,0,0,0,0,0,0,0,0,0,0,0,0
0,0,0,0,0,0,0,0,0,0,0,0,0.57413,0,0,0,0,0,0,0,0,0,0,0,0,0,0,0,0,0,0,0,0.545987,0,0,0,0,26.2293,0,0,0,0,0.348981,0,0,0,0,0,0,0,0,0,0,0,0,0,0,1.0976,0,0,0,0,62.713,0,0,0,0,1.38466,0,0,0,0,0,0,0,0,0,0,0,0,0,0,0,0,0,0,0,6.96269,0,0,0,0,0,0,0,0,0,0,0,0,0,0,0,0,0,0,0,0,0,0,0,0,0.151976,0,0,0,0,0,0,0,0,0,0,0,0
0,0,0,0,0,0,0,0,0.00672133,0,0,0,0.967871,0.0873773,0,0,0,0.00672133,0,0,0,0,0,0,0,0,0,0,0,0,0,0,6.39875,1.14935,0,0,0,33.7149,8.27405,0,0,0,9.16801,3.13213,0,0,0,0,0,0,0,0,0,0,0,0,0,3.38082,0,0,0,0,24.6342,0,0,0,0,4.70493,0,0,0,0,0,0,0,0,0,0,0,0,0,0,0.0336067,0,0,0,0,4.24787,0,0,0,0,0.0134427,0,0,0,0,0,0,0,0,0,0,0,0,0,0,0,0,0,0,0,0.080656,0,0,0,0,0,0,0,0,0,0,0,0
0,0,0,0,0,0,0,0.0167084,0,0,0,0,0.462267,0,0,0,0,0,0,0,0,0,0,0,0,0,0,0,0,0,0,0,6.37703,0.0167084,0,0,0,18.9195,0.10582,0,0,0,1.84906,0.011139,0,0,0,0,0,0,0,0,0,0,0,0,0,14.8036,0,0,0,0,36.2238,0,0,0,0,4.5224,0,0,0,0,0,0,0,0,0,0,0,0,0,0,2.16095,0,0,0,0,13.2776,0,0,0,0,0.863268,0,0,0,0,0,0,0,0,0,0,0,0,0,0,0,0,0,0,0,0.389864,0,0,0,0,0,0,0,0,0,0,0,0
0,0,0,0,0,0,0,0,0,0,0,0,0.612643,0,0,0,0,0,0,0,0,0,0,0,0,0,0,0,0,0,0,0,0.512392,0,0,0,0,27.0286,0,0,0,0,0.813143,0,0,0,0,0,0,0,0,0,0,0,0,0,0,1.11946,0,0,0,0,60.6737,0,0,0,0,2.40601,0,0,0,0,0,0,0,0,0,0,0,0,0,0,0,0,0,0,0,6.70006,0,0,0,0,0,0,0,0,0,0,0,0,0,0,0,0,0,0,0,0,0,0,0,0,0.133668,0,0,0,0,0,0,0,0,0,0,0,0
0,0,0,0,0,0,0,0,0,0,0,0,0.568893,0,0,0,0,0,0,0,0,0,0,0,0,0,0,0,0,0,0,0,0.47787,0,0,0,0,24.9468,0,0,0,0,0.0853339,0,0,0,0,0,0,0,0,0,0,0,0,0,0,0.972805,0,0,0,0,65.1621,0,0,0,0,0.449426,0,0,0,0,0,0,0,0,0,0,0,0,0,0,0,0,0,0,0,7.13971,0,0,0,0,0,0,0,0,0,0,0,0,0,0,0,0,0,0,0,0,0,0,0,0,0.193424,0,0,0,0,0,0,0,0,0,0,0,0
0,0,0,0,0,0,0,0,0,0,0,0,1.02164,0.0268853,0,0,0,0.00672133,0,0,0,0,0,0,0,0,0,0,0,0,0,0,8.84538,2.84312,0,0,0,32.3975,9.88049,0,0,0,7.9447,2.45329,0,0,0,0,0,0,0,0,0,0,0,0,0,4.31509,0,0,0,0,22.0128,0,0,0,0,3.77738,0,0,0,0,0,0,0,0,0,0,0,0,0,0,0.0336067,0,0,0,0,4.2882,0,0,0,0,0.0134427,0,0,0,0,0,0,0,0,0,0,0,0,0,0,0,0,0,0,0,0.141148,0,0,0,0,0,0,0,0,0,0,0,0
0,0,0,0,0,0,0,0,0,0,0,0,0.439989,0,0,0,0,0,0,0,0,0,0,0,0,0,0,0,0,0,0,0,3.28041,0,0,0,0,19.1701,0,0,0,0,1.29769,0,0,0,0,0,0,0,0,0,0,0,0,0,0,10.944,0,0,0,0,45.185,0,0,0,0,3.80394,0,0,0,0,0,0,0,0,0,0,0,0,0,0,1.05263,0,0,0,0,13.7844,0,0,0,0,0.685045,0,0,0,0,0,0,0,0,0,0,0,0,0,0,0,0,0,0,0,0.356447,0,0,0,0,0,0,0,0,0,0,0,0
0,0,0,0,0,0,0,0.044436,0.06348,0,0,0,0.628452,0.019044,0,0,0,0.069828,0,0,0,0,0,0,0,0,0,0.545927,0.019044,0,0,0,12.2134,3.92938,0,0,0,19.0879,3.68181,0,0,0,5.49737,1.33308,0,0,0,0.120612,0,0,0,0,0.203136,0,0,0,0,12.3149,0,0,0,0,18.1167,0,0,0,0,6.10679,0,0,0,0,0.152352,0,0,0,0,0,0,0,0,0,2.76772,0,0,0,0,11.3374,0,0,0,0,1.30134,0,0,0,0,0,0,0,0,0,0,0,0,0,0,0,0,0,0,0,0.444359,0,0,0,0,0,0,0,0,0,0,0,0
0,0,0,0,0,0,0,0.0499002,0.0499002,0,0,0,0.677217,0.035643,0,0,0,0.0784146,0.0142572,0,0,0,0,0,0,0,0,0.206729,0.035643,0,0,0,10.5576,4.96868,0,0,0,18.8978,6.33027,0,0,0,8.1766,3.27205,0,0,0,0.477616,0.121186,0,0,0,0.0784146,0,0,0,0,9.85185,0,0,0,0,14.7065,0,0,0,0,7.44235,0,0,0,0,0.434844,0,0,0,0,0,0,0,0,0,2.05304,0,0,0,0,9.42413,0,0,0,0,1.63958,0,0,0,0,0,0,0,0,0,0,0,0,0,0,0,0,0,0,0,0.420587,0,0,0,0,0,0,0,0,0,0,0,0
0,0,0,0,0,0,0,0.0543478,0.0232919,0,0,0,0.745342,0.279503,0,0,0,0.0854037,0.217391,0,0,0,0,0,0,0,0,0.0232919,0,0,0,0,6.6459,2.36801,0,0,0,16.4983,5.53566,0,0,0,11.5837,5.58225,0,0,0,2.34472,1.28882,0,0,0,0.00776398,0,0,0,0,7.43005,0,0,0,0,13.7032,0,0,0,0,10.4502,0,0,0,0,1.88665,0,0,0,0,0,0,0,0,0,1.23447,0,0,0,0,8.6645,0,0,0,0,2.81055,0,0,0,0,0.124224,0,0,0,0,0,0,0,0,0,0,0,0,0,0,0.411491,0,0,0,0,0,0,0,0,0,0,0,0
0,0,0,0,0,0,0,0,0,0,0,0,0.614404,0,0,0,0,0,0,0,0,0,0,0,0,0,0,0,0,0,0,0,0.512004,0,0,0,0,27.8087,0,0,0,0,1.52463,0,0,0,0,0,0,0,0,0,0,0,0,0,0,1.09227,0,0,0,0,57.7787,0,0,0,0,3.82864,0,0,0,0,0,0,0,0,0,0,0,0,0,0,0.0113779,0,0,0,0,6.68458,0,0,0,0,0.00568893,0,0,0,0,0,0,0,0,0,0,0,0,0,0,0,0,0,0,0,0.136534,0,0,0,0,0,0,0,0,0,0,0,0
0,0,0,0,0,0,0,0,0,0,0,0,0.569602,0,0,0,0,0,0,0,0,0,0,0,0,0,0,0,0,0,0,0,0.447544,0,0,0,0,23.8474,0,0,0,0,0.0755594,0,0,0,0,0,0,0,0,0,0,0,0,0,0,0.918339,0,0,0,0,66.2898,0,0,0,0,0.377797,0,0,0,0,0,0,0,0,0,0,0,0,0,0,0,0,0,0,0,7.24781,0,0,0,0,0,0,0,0,0,0,0,0,0,0,0,0,0,0,0,0,0,0,0,0,0.23249,0,0,0,0,0,0,0,0,0,0,0,0
0,0,0,0,0,0,0,0,0,0,0,0,1.14641,0,0,0,0,0.00796115,0,0,0,0,0,0,0,0,0,0.0238834,0,0,0,0,12.2603,3.39939,0,0,0,31.6699,6.15397,0,0,0,5.87533,0.652815,0,0,0,0,0,0,0,0,0.00796115,0,0,0,0,6.63165,0,0,0,0,24.8391,0,0,0,0,3.40735,0,0,0,0,0,0,0,0,0,0,0,0,0,0,0.0398057,0,0,0,0,3.69395,0,0,0,0,0.0159223,0,0,0,0,0,0,0,0,0,0,0,0,0,0,0,0,0,0,0,0.175145,0,0,0,0,0,0,0,0,0,0,0,0
0,0,0,0,0,0,0,0,0,0,0,0,0.860566,0,0,0,0,0,0,0,0,0,0,0,0,0,0,0,0,0,0,0,3.96516,0.0762527,0,0,0,15.9366,0.522876,0,0,0,10.0218,0.196078,0,0,0,0.675381,0,0,0,0,0,0,0,0,0,7.1678,0,0,0,0,17.5596,0,0,0,0,14.4225,0,0,0,0,2.9085,0,0,0,0,0,0,0,0,0,1.7647,0,0,0,0,15.7623,0,0,0,0,7.53817,0,0,0,0,0.413943,0,0,0,0,0,0,0,0,0,0,0,0,0,0,0.206972,0,0,0,0,0,0,0,0,0,0,0,0
0,0,0,0,0,0,0,0,0,0,0,0,0.575414,0,0,0,0,0,0,0,0,0,0,0,0,0,0,0,0,0,0,0,0.836967,0,0,0,0,22.0283,0,0,0,0,0.290613,0,0,0,0,0,0,0,0,0,0,0,0,0,0,1.02296,0,0,0,0,64.6213,0,0,0,0,1.3252,0,0,0,0,0,0,0,0,0,0,0,0,0,0,0.0174368,0,0,0,0,8.90435,0,0,0,0,0.0697472,0,0,0,0,0,0,0,0,0,0,0,0,0,0,0,0,0,0,0,0.313862,0,0,0,0,0,0,0,0,0,0,0,0
0,0,0,0,0,0,0,0.0406859,0,0,0,0,0.621912,0,0,0,0,0.0639349,0,0,0,0,0,0,0,0,0,0.836967,0,0,0,0,12.3164,2.69688,0,0,0,18.9191,2.38303,0,0,0,4.4696,0.703284,0,0,0,0.0581226,0,0,0,0,0.278989,0,0,0,0,13.7114,0,0,0,0,20.9357,0,0,0,0,5.44604,0,0,0,0,0.0813717,0,0,0,0,0,0,0,0,0,2.78407,0,0,0,0,12.0316,0,0,0,0,1.19733,0,0,0,0,0,0,0,0,0,0,0,0,0,0,0,0,0,0,0,0.424295,0,0,0,0,0,0,0,0,0,0,0,0
0,0,0,0,0,0,0,0,0,0,0,0,0.888585,0,0,0,0,0,0,0,0,0,0,0,0,0,0,0,0,0,0,0,3.58852,0.0341763,0,0,0,16.1999,0.205058,0,0,0,8.32765,0.0227842,0,0,0,0.170882,0,0,0,0,0,0,0,0,0,7.66689,0,0,0,0,18.4557,0,0,0,0,14.5708,0,0,0,0,2.03919,0,0,0,0,0,0,0,0,0,2.24425,0,0,0,0,17.2139,0,0,0,0,7.92891,0,0,0,0,0.239234,0,0,0,0,0,0,0,0,0,0,0,0,0,0,0.205058,0,0,0,0,0,0,0,0,0,0,0,0
0,0,0,0,0,0,0,0,0,0,0,0,0.78282,0.0211573,0,0,0,0,0,0,0,0,0,0,0,0,0,0,0,0,0,0,4.18914,0.285624,0,0,0,15.5192,1.10018,0,0,0,11.8271,0.645298,0,0,0,1.40696,0,0,0,0,0,0,0,0,0,6.7809,0,0,0,0,17.3069,0,0,0,0,13.9429,0,0,0,0,3.33227,0,0,0,0,0,0,0,0,0,1.35407,0,0,0,0,13.6996,0,0,0,0,6.95016,0,0,0,0,0.634719,0,0,0,0,0,0,0,0,0,0,0,0,0,0,0.222152,0,0,0,0,0,0,0,0,0,0,0,0
0,0,0,0,0,0,0,0.0402507,0,0,0,0,0.621011,0,0,0,0,0.0632511,0,0,0,0,0,0,0,0,0,0.672762,0,0,0,0,12.0405,1.33402,0,0,0,18.8429,1.47202,0,0,0,3.59958,0.350756,0,0,0,0.0230004,0,0,0,0,0.322006,0,0,0,0,14.6221,0,0,0,0,23.8459,0,0,0,0,5.22688,0,0,0,0,0.0460008,0,0,0,0,0,0,0,0,0,2.84056,0,0,0,0,12.512,0,0,0,0,1.10977,0,0,0,0,0,0,0,0,0,0,0,0,0,0,0,0,0,0,0,0.414007,0,0,0,0,0,0,0,0,0,0,0,0
0,0,0,0,0,0,0,0,0,0,0,0,0.716805,0,0,0,0,0,0,0,0,0,0,0,0,0,0,0,0,0,0,0,1.21622,0,0,0,0,31.9017,0.0822562,0,0,0,7.06233,0.00587544,0,0,0,0,0,0,0,0,0,0,0,0,0,1.60988,0,0,0,0,43.4748,0,0,0,0,7.07408,0,0,0,0,0,0,0,0,0,0,0,0,0,0,0.0235018,0,0,0,0,6.65104,0,0,0,0,0.00587544,0,0,0,0,0,0,0,0,0,0,0,0,0,0,0,0,0,0,0,0.170388,0,0,0,0,0,0,0,0,0,0,0,0
0,0,0,0,0,0,0,0,0,0,0,0,0.458284,0,0,0,0,0,0,0,0,0,0,0,0,0,0,0,0,0,0,0,1.06933,0,0,0,0,19.0304,0,0,0,0,0.693303,0,0,0,0,0,0,0,0,0,0,0,0,0,0,5.31728,0,0,0,0,56.5693,0,0,0,0,2.7967,0,0,0,0,0,0,0,0,0,0,0,0,0,0,0.411281,0,0,0,0,12.8263,0,0,0,0,0.446533,0,0,0,0,0,0,0,0,0,0,0,0,0,0,0,0,0,0,0,0.376028,0,0,0,0,0,0,0,0,0,0,0,0
0,0,0,0,0,0,0,0,0,0,0,0,0.757933,0.00587544,0,0,0,0.00587544,0.0176263,0,0,0,0,0,0,0,0,0,0,0,0,0,3.18448,0.223267,0,0,0,32.9122,3.86602,0,0,0,10.053,2.62632,0,0,0,0,0,0,0,0,0,0,0,0,0,2.32668,0,0,0,0,31.8782,0,0,0,0,6.53353,0,0,0,0,0,0,0,0,0,0,0,0,0,0,0.0293772,0,0,0,0,5.4583,0,0,0,0,0.0117509,0,0,0,0,0,0,0,0,0,0,0,0,0,0,0,0,0,0,0,0.105758,0,0,0,0,0,0,0,0,0,0,0,0
0,0,0,0,0,0,0,0,0,0,0,0,1.10562,0,0,0,0,0,0,0,0,0,0,0,0,0,0,0,0,0,0,0,5.98969,0,0,0,0,21.8982,0.0107342,0,0,0,2.59768,0,0,0,0,0,0,0,0,0,0,0,0,0,0,8.85572,0,0,0,0,31.6345,0,0,0,0,7.38512,0,0,0,0,0,0,0,0,0,0,0,0,0,0,4.98068,0,0,0,0,14.0298,0,0,0,0,1.28811,0,0,0,0,0,0,0,0,0,0,0,0,0,0,0,0,0,0,0,0.225419,0,0,0,0,0,0,0,0,0,0,0,0
0,0,0,0,0,0,0,0.0487296,0.0696136,0,0,0,0.647407,0.0278455,0,0,0,0.076575,0.0139227,0,0,0,0,0,0,0,0,0.396798,0.0696136,0,0,0,12.0504,4.31604,0,0,0,19.4229,4.37869,0,0,0,6.14687,1.6568,0,0,0,0.15315,0.00696136,0,0,0,0.139227,0,0,0,0,11.57,0,0,0,0,16.9376,0,0,0,0,6.4114,0,0,0,0,0.167073,0,0,0,0,0,0,0,0,0,2.73581,0,0,0,0,10.7207,0,0,0,0,1.37139,0,0,0,0,0,0,0,0,0,0,0,0,0,0,0,0,0,0,0,0.466412,0,0,0,0,0,0,0,0,0,0,0,0
0,0,0,0,0,0,0,0,0,0,0,0,1.16858,0,0,0,0,0.00957854,0,0,0,0,0,0,0,0,0,0.0287356,0,0,0,0,12.8354,0.85249,0,0,0,30.7955,2.17433,0,0,0,3.84098,0.0766283,0,0,0,0,0,0,0,0,0.0191571,0,0,0,0,8.04603,0,0,0,0,30.623,0,0,0,0,4.11876,0,0,0,0,0,0,0,0,0,0,0,0,0,0,0.162835,0,0,0,0,4.90422,0,0,0,0,0.162835,0,0,0,0,0,0,0,0,0,0,0,0,0,0,0,0,0,0,0,0.181992,0,0,0,0,0,0,0,0,0,0,0,0
0,0,0,0,0,0,0,0,0,0,0,0,1.11959,0,0,0,0,0,0,0,0,0,0,0,0,0,0,0,0,0,0,0,3.03887,0,0,0,0,16.6955,0,0,0,0,3.12499,0,0,0,0,0,0,0,0,0,0,0,0,0,0,9.39969,0,0,0,0,30.708,0,0,0,0,10.4701,0,0,0,0,0,0,0,0,0,0,0,0,0,0,4.01082,0,0,0,0,18.8115,0,0,0,0,2.3745,0,0,0,0,0,0,0,0,0,0,0,0,0,0,0,0,0,0,0,0.246063,0,0,0,0,0,0,0,0,0,0,0,0
0,0,0,0,0,0,0,0,0,0,0,0,0.798655,0.0300246,0,0,0,0.00600492,0,0,0,0,0,0,0,0,0,0,0,0,0,0,4.30549,0.528434,0,0,0,33.2179,6.53327,0,0,0,9.50577,3.699,0,0,0,0,0,0,0,0,0,0,0,0,0,2.5701,0,0,0,0,29.0389,0,0,0,0,5.33832,0,0,0,0,0,0,0,0,0,0,0,0,0,0,0.0300246,0,0,0,0,4.31149,0,0,0,0,0.0120098,0,0,0,0,0,0,0,0,0,0,0,0,0,0,0,0,0,0,0,0.0720591,0,0,0,0,0,0,0,0,0,0,0,0
0,0,0,0,0,0,0,0,0,0,0,0,0.697724,0.0536711,0,0,0,0,0.0107342,0,0,0,0,0,0,0,0,0,0,0,0,0,4.39031,0.440103,0,0,0,15.6078,1.696,0,0,0,12.3337,1.36324,0,0,0,2.0717,0.0214684,0,0,0,0,0,0,0,0,7.05236,0,0,0,0,17.3575,0,0,0,0,13.536,0,0,0,0,3.03779,0,0,0,0,0,0,0,0,0,1.07342,0,0,0,0,12.323,0,0,0,0,6.1829,0,0,0,0,0.55818,0,0,0,0,0,0,0,0,0,0,0,0,0,0,0.193216,0,0,0,0,0,0,0,0,0,0,0,0
0,0,0,0,0,0,0,0.0415776,0,0,0,0,0.576147,0,0,0,0,0.0415776,0,0,0,0,0,0,0,0,0,0.16631,0,0,0,0,10.7981,0.368259,0,0,0,18.8045,0.617724,0,0,0,2.66096,0.112853,0,0,0,0,0,0,0,0,0.249465,0,0,0,0,15.5616,0,0,0,0,27.7138,0,0,0,0,4.84081,0,0,0,0,0.0118793,0,0,0,0,0,0,0,0,0,2.96389,0,0,0,0,13.0551,0,0,0,0,0.997863,0,0,0,0,0,0,0,0,0,0,0,0,0,0,0,0,0,0,0,0.415776,0,0,0,0,0,0,0,0,0,0,0,0
0,0,0,0,0,0,0,0,0,0,0,0,0.418918,0,0,0,0,0,0,0,0,0,0,0,0,0,0,0,0,0,0,0,0.941047,0,0,0,0,19.6341,0,0,0,0,0.467488,0,0,0,0,0,0,0,0,0,0,0,0,0,0,2.68959,0,0,0,0,61.8132,0,0,0,0,2.24638,0,0,0,0,0,0,0,0,0,0,0,0,0,0,0.145711,0,0,0,0,11.1042,0,0,0,0,0.212495,0,0,0,0,0,0,0,0,0,0,0,0,0,0,0,0,0,0,0,0.33392,0,0,0,0,0,0,0,0,0,0,0,0
0,0,0,0,0,0,0,0,0,0,0,0,0.655697,0,0,0,0,0,0,0,0,0,0,0,0,0,0,0,0,0,0,0,0.497844,0,0,0,0,29.2142,0,0,0,0,2.34959,0,0,0,0,0,0,0,0,0,0,0,0,0,0,1.03819,0,0,0,0,55.1208,0,0,0,0,4.2317,0,0,0,0,0,0,0,0,0,0,0,0,0,0,0.0121426,0,0,0,0,6.72692,0,0,0,0,0.00607128,0,0,0,0,0,0,0,0,0,0,0,0,0,0,0,0,0,0,0,0.151782,0,0,0,0,0,0,0,0,0,0,0,0
0,0,0,0,0,0,0,0.0594177,0,0,0,0,0.789406,0.033953,0,0,0,0.0933707,0.0169765,0,0,0,0,0,0,0,0,0.0594177,0,0,0,0,8.87871,3.66691,0,0,0,18.8441,6.84149,0,0,0,10.1265,4.71096,0,0,0,0.797894,0.356506,0,0,0,0.0254647,0,0,0,0,8.54765,0,0,0,0,14.2605,0,0,0,0,8.91266,0,0,0,0,0.687547,0,0,0,0,0,0,0,0,0,1.50242,0,0,0,0,8.53067,0,0,0,0,1.82498,0,0,0,0,0,0,0,0,0,0,0,0,0,0,0,0,0,0,0,0.4329,0,0,0,0,0,0,0,0,0,0,0,0
0,0,0,0,0,0,0,0,0,0,0,0,0.454267,0,0,0,0,0,0,0,0,0,0,0,0,0,0,0,0,0,0,0,4.30327,0,0,0,0,19.0912,0.0122775,0,0,0,1.4426,0,0,0,0,0,0,0,0,0,0,0,0,0,0,13.401,0,0,0,0,40.8437,0,0,0,0,3.87969,0,0,0,0,0,0,0,0,0,0,0,0,0,0,1.36894,0,0,0,0,14.064,0,0,0,0,0.761204,0,0,0,0,0,0,0,0,0,0,0,0,0,0,0,0,0,0,0,0.374463,0,0,0,0,0,0,0,0,0,0,0,0
0,0,0,0,0,0,0,0,0.00696136,0,0,0,1.0094,0.10442,0,0,0,0.00696136,0,0,0,0,0,0,0,0,0,0,0,0,0,0,6.20952,0.898015,0,0,0,34.4883,7.40687,0,0,0,9.1264,2.89592,0,0,0,0,0,0,0,0,0,0,0,0,0,3.20918,0,0,0,0,25.3892,0,0,0,0,4.70587,0,0,0,0,0,0,0,0,0,0,0,0,0,0,0.0348068,0,0,0,0,4.4135,0,0,0,0,0.0139227,0,0,0,0,0,0,0,0,0,0,0,0,0,0,0,0,0,0,0,0.0835364,0,0,0,0,0,0,0,0,0,0,0,0
0,0,0,0,0,0,0,0,0,0,0,0,1.2349,0,0,0,0,0.00894855,0,0,0,0,0,0,0,0,0,0.0268456,0,0,0,0,12.5009,2.5056,0,0,0,32.4485,4.8143,0,0,0,5.22593,0.357942,0,0,0,0,0,0,0,0,0.0178971,0,0,0,0,6.88137,0,0,0,0,26.7388,0,0,0,0,3.27517,0,0,0,0,0,0,0,0,0,0,0,0,0,0,0.0447427,0,0,0,0,3.7047,0,0,0,0,0.0357942,0,0,0,0,0,0,0,0,0,0,0,0,0,0,0,0,0,0,0,0.178971,0,0,0,0,0,0,0,0,0,0,0,0
0,0,0,0,0,0,0,0,0,0,0,0,0.807479,0,0,0,0,0.00607128,0,0,0,0,0,0,0,0,0,0,0,0,0,0,2.13103,0.0424989,0,0,0,32.7236,1.64532,0,0,0,10.1996,0.898548,0,0,0,0,0,0,0,0,0,0,0,0,0,2.01567,0,0,0,0,35.4443,0,0,0,0,7.12154,0,0,0,0,0,0,0,0,0,0,0,0,0,0,0.0303564,0,0,0,0,6.74513,0,0,0,0,0.0121426,0,0,0,0,0,0,0,0,0,0,0,0,0,0,0,0,0,0,0,0.176067,0,0,0,0,0,0,0,0,0,0,0,0
0,0,0,0,0,0,0,0,0.01766,0,0,0,0.724061,0.247241,0,0,0,0.0971303,0.309051,0,0,0,0,0,0,0,0,0,0,0,0,0,5.59826,1.50111,0,0,0,15.6999,4.30907,0,0,0,12.2561,4.72408,0,0,0,3.07286,1.20971,0,0,0,0,0,0,0,0,7.01107,0,0,0,0,14.9846,0,0,0,0,11.7087,0,0,0,0,2.42826,0,0,0,0,0,0,0,0,0,1.11258,0,0,0,0,8.95368,0,0,0,0,3.47904,0,0,0,0,0.220751,0,0,0,0,0,0,0,0,0,0,0,0,0,0,0.335541,0,0,0,0,0,0,0,0,0,0,0,0
0,0,0,0,0,0,0,0,0,0,0,0,1.05307,0,0,0,0,0,0,0,0,0,0,0,0,0,0,0.0312793,0,0,0,0,7.80945,0,0,0,0,24.6162,0.0834115,0,0,0,2.33552,0,0,0,0,0,0,0,0,0,0.0104264,0,0,0,0,10.2805,0,0,0,0,32.769,0,0,0,0,5.57817,0,0,0,0,0,0,0,0,0,0,0,0,0,0,3.51372,0,0,0,0,10.9895,0,0,0,0,0.708998,0,0,0,0,0,0,0,0,0,0,0,0,0,0,0,0,0,0,0,0.218955,0,0,0,0,0,0,0,0,0,0,0,0
0,0,0,0,0,0,0,0,0,0,0,0,0.577042,0,0,0,0,0,0,0,0,0,0,0,0,0,0,0,0,0,0,0,0.423573,0,0,0,0,22.915,0,0,0,0,0.0552486,0,0,0,0,0,0,0,0,0,0,0,0,0,0,0.705955,0,0,0,0,67.2692,0,0,0,0,0.460405,0,0,0,0,0,0,0,0,0,0,0,0,0,0,0,0,0,0,0,7.3297,0,0,0,0,0,0,0,0,0,0,0,0,0,0,0,0,0,0,0,0,0,0,0,0,0.257827,0,0,0,0,0,0,0,0,0,0,0,0
0,0,0,0,0,0,0,0,0,0,0,0,1.06367,0.0310559,0,0,0,0.00776398,0,0,0,0,0,0,0,0,0,0,0,0,0,0,7.50769,1.49068,0,0,0,34.2792,9.06046,0,0,0,8.68003,2.46117,0,0,0,0,0,0,0,0,0,0,0,0,0,3.64905,0,0,0,0,22.6791,0,0,0,0,4.02171,0,0,0,0,0,0,0,0,0,0,0,0,0,0,0.0388199,0,0,0,0,4.92232,0,0,0,0,0.015528,0,0,0,0,0,0,0,0,0,0,0,0,0,0,0,0,0,0,0,0.0931677,0,0,0,0,0,0,0,0,0,0,0,0
0,0,0,0,0,0,0,0.038088,0,0,0,0,0.526883,0,0,0,0,0,0,0,0,0,0,0,0,0,0,0,0,0,0,0,8.17627,0.057132,0,0,0,18.9292,0.184092,0,0,0,2.14562,0.012696,0,0,0,0,0,0,0,0,0,0,0,0,0,15.8252,0,0,0,0,31.7197,0,0,0,0,4.48167,0,0,0,0,0,0,0,0,0,0,0,0,0,0,2.79311,0,0,0,0,13.6987,0,0,0,0,0.971244,0,0,0,0,0,0,0,0,0,0,0,0,0,0,0,0,0,0,0,0.438011,0,0,0,0,0,0,0,0,0,0,0,0
0,0,0,0,0,0,0,0.058651,0.0251362,0,0,0,0.737328,0.0335149,0,0,0,0.0921659,0.0167574,0,0,0,0,0,0,0,0,0.108923,0.00837872,0,0,0,9.97065,4.4491,0,0,0,19.464,6.76157,0,0,0,9.02382,3.78719,0,0,0,0.511102,0.150817,0,0,0,0.0418936,0,0,0,0,8.99868,0,0,0,0,14.8472,0,0,0,0,7.93456,0,0,0,0,0.444072,0,0,0,0,0,0,0,0,0,1.80981,0,0,0,0,8.6719,0,0,0,0,1.60034,0,0,0,0,0,0,0,0,0,0,0,0,0,0,0,0,0,0,0,0.452451,0,0,0,0,0,0,0,0,0,0,0,0
0,0,0,0,0,0,0,0.0543478,0.0621118,0,0,0,0.698758,0.0310559,0,0,0,0.0854037,0.015528,0,0,0,0,0,0,0,0,0.263975,0.0465838,0,0,0,11.7235,4.7127,0,0,0,19.7828,5.13194,0,0,0,6.94869,2.07298,0,0,0,0.178571,0.015528,0,0,0,0.0931677,0,0,0,0,10.6831,0,0,0,0,16.0324,0,0,0,0,6.69248,0,0,0,0,0.186335,0,0,0,0,0,0,0,0,0,2.53881,0,0,0,0,10.0309,0,0,0,0,1.42857,0,0,0,0,0,0,0,0,0,0,0,0,0,0,0,0,0,0,0,0.489131,0,0,0,0,0,0,0,0,0,0,0,0
0,0,0,0,0,0,0,0,0,0,0,0,0.476099,0,0,0,0,0,0,0,0,0,0,0,0,0,0,0,0,0,0,0,1.51717,0,0,0,0,19.291,0,0,0,0,0.895068,0,0,0,0,0,0,0,0,0,0,0,0,0,0,8.32226,0,0,0,0,50.5786,0,0,0,0,2.9772,0,0,0,0,0,0,0,0,0,0,0,0,0,0,0.774456,0,0,0,0,14.1748,0,0,0,0,0.584015,0,0,0,0,0,0,0,0,0,0,0,0,0,0,0,0,0,0,0,0.406272,0,0,0,0,0,0,0,0,0,0,0,0
0,0,0,0,0,0,0,0,0,0,0,0,0.571429,0,0,0,0,0,0,0,0,0,0,0,0,0,0,0,0,0,0,0,0.662338,0,0,0,0,21.1358,0,0,0,0,0.266234,0,0,0,0,0,0,0,0,0,0,0,0,0,0,0.876624,0,0,0,0,64.8181,0,0,0,0,1.24026,0,0,0,0,0,0,0,0,0,0,0,0,0,0,0.038961,0,0,0,0,9.96111,0,0,0,0,0.0844156,0,0,0,0,0,0,0,0,0,0,0,0,0,0,0,0,0,0,0,0.337662,0,0,0,0,0,0,0,0,0,0,0,0
0,0,0,0,0,0,0,0,0,0,0,0,0.805195,0,0,0,0,0,0,0,0,0,0,0,0,0,0,0,0,0,0,0,1.25974,0,0,0,0,32.6667,0.207792,0,0,0,8.16239,0.0324675,0,0,0,0,0,0,0,0,0,0,0,0,0,1.51948,0,0,0,0,40.6461,0,0,0,0,7.20783,0,0,0,0,0,0,0,0,0,0,0,0,0,0,0.0324675,0,0,0,0,7.25978,0,0,0,0,0.00649351,0,0,0,0,0,0,0,0,0,0,0,0,0,0,0,0,0,0,0,0.188312,0,0,0,0,0,0,0,0,0,0,0,0
0,0,0,0,0,0,0,0,0,0,0,0,1.18736,0,0,0,0,0.0108932,0,0,0,0,0,0,0,0,0,0.0108932,0,0,0,0,11.6775,0.130719,0,0,0,30.7727,0.936818,0,0,0,2.85404,0.0217865,0,0,0,0,0,0,0,0,0.0108932,0,0,0,0,8.33337,0,0,0,0,33.518,0,0,0,0,3.97605,0,0,0,0,0,0,0,0,0,0,0,0,0,0,0.43573,0,0,0,0,5.75167,0,0,0,0,0.185185,0,0,0,0,0,0,0,0,0,0,0,0,0,0,0,0,0,0,0,0.185185,0,0,0,0,0,0,0,0,0,0,0,0
0,0,0,0,0,0,0,0,0,0,0,0,0.597701,0,0,0,0,0,0,0,0,0,0,0,0,0,0,0,0,0,0,0,0.413793,0,0,0,0,22.3321,0,0,0,0,0.0788177,0,0,0,0,0,0,0,0,0,0,0,0,0,0,0.486042,0,0,0,0,67.4342,0,0,0,0,0.512315,0,0,0,0,0,0,0,0,0,0,0,0,0,0,0,0,0,0,0,7.86198,0,0,0,0,0,0,0,0,0,0,0,0,0,0,0,0,0,0,0,0,0,0,0,0,0.288998,0,0,0,0,0,0,0,0,0,0,0,0
0,0,0,0,0,0,0,0.0609969,0.0261415,0,0,0,0.775532,0.209132,0,0,0,0.0958522,0.121994,0,0,0,0,0,0,0,0,0.0174277,0,0,0,0,7.04071,2.52701,0,0,0,17.8721,6.30005,0,0,0,11.5457,5.90793,0,0,0,1.78634,1.03695,0,0,0,0,0,0,0,0,7.27599,0,0,0,0,14.3602,0,0,0,0,10.0295,0,0,0,0,1.22865,0,0,0,0,0,0,0,0,0,1.15023,0,0,0,0,7.95566,0,0,0,0,2.17846,0,0,0,0,0.0697107,0,0,0,0,0,0,0,0,0,0,0,0,0,0,0.426978,0,0,0,0,0,0,0,0,0,0,0,0
0,0,0,0,0,0,0,0,0,0,0,0,1.09976,0,0,0,0,0,0,0,0,0,0,0,0,0,0,0.0224442,0,0,0,0,9.6509,0,0,0,0,27.6967,0.26933,0,0,0,2.25564,0,0,0,0,0,0,0,0,0,0,0,0,0,0,9.58357,0,0,0,0,34.0151,0,0,0,0,4.03996,0,0,0,0,0,0,0,0,0,0,0,0,0,0,1.96387,0,0,0,0,8.84293,0,0,0,0,0.336663,0,0,0,0,0,0,0,0,0,0,0,0,0,0,0,0,0,0,0,0.224442,0,0,0,0,0,0,0,0,0,0,0,0
0,0,0,0,0,0,0,0,0,0,0,0,0.748768,0,0,0,0,0,0,0,0,0,0,0,0,0,0,0,0,0,0,0,0.538587,0,0,0,0,30.0177,0,0,0,0,3.94091,0,0,0,0,0,0,0,0,0,0,0,0,0,0,0.84729,0,0,0,0,50.2959,0,0,0,0,6.14774,0,0,0,0,0,0,0,0,0,0,0,0,0,0,0.0131363,0,0,0,0,7.26429,0,0,0,0,0.00656814,0,0,0,0,0,0,0,0,0,0,0,0,0,0,0,0,0,0,0,0.183908,0,0,0,0,0,0,0,0,0,0,0,0
0,0,0,0,0,0,0,0,0,0,0,0,1.21122,0,0,0,0,0.00871384,0,0,0,0,0,0,0,0,0,0,0,0,0,0,10.6221,3.65108,0,0,0,34.8564,8.99259,0,0,0,6.30005,1.00209,0,0,0,0,0,0,0,0,0,0,0,0,0,4.59216,0,0,0,0,21.7588,0,0,0,0,2.77099,0,0,0,0,0,0,0,0,0,0,0,0,0,0,0.0435692,0,0,0,0,4.00834,0,0,0,0,0.00871384,0,0,0,0,0,0,0,0,0,0,0,0,0,0,0,0,0,0,0,0.174277,0,0,0,0,0,0,0,0,0,0,0,0
0,0,0,0,0,0,0,0,0,0,0,0,1.09864,0.0477669,0,0,0,0.00796115,0,0,0,0,0,0,0,0,0,0,0,0,0,0,7.04564,1.22602,0,0,0,35.1091,8.66177,0,0,0,8.86081,2.58737,0,0,0,0,0,0,0,0,0,0,0,0,0,3.32774,0,0,0,0,22.8886,0,0,0,0,3.93278,0,0,0,0,0,0,0,0,0,0,0,0,0,0,0.0398057,0,0,0,0,5.05532,0,0,0,0,0.0159223,0,0,0,0,0,0,0,0,0,0,0,0,0,0,0,0,0,0,0,0.0955338,0,0,0,0,0,0,0,0,0,0,0,0
0,0,0,0,0,0,0,0,0,0,0,0,0.463772,0,0,0,0,0,0,0,0,0,0,0,0,0,0,0,0,0,0,0,2.4264,0,0,0,0,18.8335,0,0,0,0,1.02164,0,0,0,0,0,0,0,0,0,0,0,0,0,0,11.5205,0,0,0,0,44.886,0,0,0,0,3.1523,0,0,0,0,0,0,0,0,0,0,0,0,0,0,1.39804,0,0,0,0,15.1501,0,0,0,0,0.739347,0,0,0,0,0,0,0,0,0,0,0,0,0,0,0,0,0,0,0,0.410002,0,0,0,0,0,0,0,0,0,0,0,0
0,0,0,0,0,0,0,0,0,0,0,0,1.25023,0,0,0,0,0.00919287,0,0,0,0,0,0,0,0,0,0,0,0,0,0,11.5094,3.71393,0,0,0,35.0532,7.69447,0,0,0,5.65364,0.634308,0,0,0,0,0,0,0,0,0,0,0,0,0,5.09287,0,0,0,0,22.7984,0,0,0,0,2.64755,0,0,0,0,0,0,0,0,0,0,0,0,0,0,0.0459643,0,0,0,0,3.69554,0,0,0,0,0.00919287,0,0,0,0,0,0,0,0,0,0,0,0,0,0,0,0,0,0,0,0.19305,0,0,0,0,0,0,0,0,0,0,0,0
0,0,0,0,0,0,0,0.0206398,0,0,0,0,0.488476,0,0,0,0,0,0,0,0,0,0,0,0,0,0,0,0,0,0,0,5.57963,0.00687994,0,0,0,18.5481,0.0412797,0,0,0,1.49295,0,0,0,0,0,0,0,0,0,0,0,0,0,0,15.349,0,0,0,0,36.3267,0,0,0,0,3.85279,0,0,0,0,0,0,0,0,0,0,0,0,0,0,2.54558,0,0,0,0,14.4133,0,0,0,0,0.880632,0,0,0,0,0,0,0,0,0,0,0,0,0,0,0,0,0,0,0,0.454077,0,0,0,0,0,0,0,0,0,0,0,0
0,0,0,0,0,0,0,0,0,0,0,0,0.976618,0.0784146,0,0,0,0.0071286,0,0,0,0,0,0,0,0,0,0,0,0,0,0,5.38928,0.719988,0,0,0,35.1499,7.47799,0,0,0,9.15324,3.10096,0,0,0,0,0,0,0,0,0,0,0,0,0,2.87997,0,0,0,0,25.9186,0,0,0,0,4.51957,0,0,0,0,0,0,0,0,0,0,0,0,0,0,0.035643,0,0,0,0,4.49106,0,0,0,0,0.0142572,0,0,0,0,0,0,0,0,0,0,0,0,0,0,0,0,0,0,0,0.0855432,0,0,0,0,0,0,0,0,0,0,0,0
0,0,0,0,0,0,0,0,0,0,0,0,1.10079,0,0,0,0,0.00859993,0,0,0,0,0,0,0,0,0,0,0,0,0,0,9.87272,3.18198,0,0,0,34.6494,9.54591,0,0,0,6.9143,1.40179,0,0,0,0,0,0,0,0,0,0,0,0,0,4.23117,0,0,0,0,21.3626,0,0,0,0,2.95838,0,0,0,0,0,0,0,0,0,0,0,0,0,0,0.0429997,0,0,0,0,4.55796,0,0,0,0,0.00859993,0,0,0,0,0,0,0,0,0,0,0,0,0,0,0,0,0,0,0,0.163399,0,0,0,0,0,0,0,0,0,0,0,0
0,0,0,0,0,0,0,0,0,0,0,0,1.24583,0,0,0,0,0,0,0,0,0,0,0,0,0,0,0,0,0,0,0,2.31783,0,0,0,0,16.949,0,0,0,0,2.05707,0,0,0,0,0,0,0,0,0,0,0,0,0,0,8.61941,0,0,0,0,35.3036,0,0,0,0,8.92362,0,0,0,0,0,0,0,0,0,0,0,0,0,0,4.36043,0,0,0,0,18.1659,0,0,0,0,1.76735,0,0,0,0,0,0,0,0,0,0,0,0,0,0,0,0,0,0,0,0.289729,0,0,0,0,0,0,0,0,0,0,0,0
0,0,0,0,0,0,0,0.0485625,0.019425,0,0,0,0.738151,0.252525,0,0,0,0.106838,0.252525,0,0,0,0,0,0,0,0,0,0,0,0,0,5.64298,1.68997,0,0,0,17.1812,5.09907,0,0,0,12.4805,5.52643,0,0,0,2.49611,1.26263,0,0,0,0,0,0,0,0,6.82793,0,0,0,0,15.4524,0,0,0,0,11.2859,0,0,0,0,1.74825,0,0,0,0,0,0,0,0,0,0.922689,0,0,0,0,7.89633,0,0,0,0,2.54467,0,0,0,0,0.0971251,0,0,0,0,0,0,0,0,0,0,0,0,0,0,0.427351,0,0,0,0,0,0,0,0,0,0,0,0
0,0,0,0,0,0,0,0.0517369,0,0,0,0,0.67997,0,0,0,0,0.0813008,0,0,0,0,0,0,0,0,0,0.628233,0,0,0,0,13.1042,2.82335,0,0,0,19.32,2.54989,0,0,0,4.45676,0.665188,0,0,0,0.0295639,0,0,0,0,0.184775,0,0,0,0,13.3111,0,0,0,0,20.1108,0,0,0,0,5.26238,0,0,0,0,0.0369549,0,0,0,0,0,0,0,0,0,3.15595,0,0,0,0,11.8625,0,0,0,0,1.17517,0,0,0,0,0,0,0,0,0,0,0,0,0,0,0,0,0,0,0,0.509977,0,0,0,0,0,0,0,0,0,0,0,0
0,0,0,0,0,0,0,0,0,0,0,0,0.626937,0,0,0,0,0,0,0,0,0,0,0,0,0,0,0,0,0,0,0,0.133841,0,0,0,0,24.3229,0,0,0,0,0,0,0,0,0,0,0,0,0,0,0,0,0,0,0,0.190194,0,0,0,0,66.4108,0,0,0,0,0.154973,0,0,0,0,0,0,0,0,0,0,0,0,0,0,0,0,0,0,0,7.99527,0,0,0,0,0,0,0,0,0,0,0,0,0,0,0,0,0,0,0,0,0,0,0,0,0.169062,0,0,0,0,0,0,0,0,0,0,0,0
0,0,0,0,0,0,0,0,0,0,0,0,0.849286,0,0,0,0,0.00696136,0.0139227,0,0,0,0,0,0,0,0,0,0,0,0,0,3.34145,0.229725,0,0,0,35.0105,4.46919,0,0,0,9.82955,2.73581,0,0,0,0,0,0,0,0,0,0,0,0,0,2.15802,0,0,0,0,30.5619,0,0,0,0,5.52731,0,0,0,0,0,0,0,0,0,0,0,0,0,0,0.0348068,0,0,0,0,5.12355,0,0,0,0,0.0139227,0,0,0,0,0,0,0,0,0,0,0,0,0,0,0,0,0,0,0,0.0974591,0,0,0,0,0,0,0,0,0,0,0,0
0,0,0,0,0,0,0,0,0,0,0,0,0.473373,0,0,0,0,0,0,0,0,0,0,0,0,0,0,0,0,0,0,0,0.50818,0,0,0,0,18.678,0,0,0,0,0.327184,0,0,0,0,0,0,0,0,0,0,0,0,0,0,2.28332,0,0,0,0,62.3008,0,0,0,0,1.94918,0,0,0,0,0,0,0,0,0,0,0,0,0,0,0.229725,0,0,0,0,12.6212,0,0,0,0,0.250609,0,0,0,0,0,0,0,0,0,0,0,0,0,0,0,0,0,0,0,0.382875,0,0,0,0,0,0,0,0,0,0,0,0
0,0,0,0,0,0,0,0,0,0,0,0,1.10347,0.00848824,0,0,0,0.00848824,0,0,0,0,0,0,0,0,0,0,0,0,0,0,9.31163,2.61438,0,0,0,34.6567,9.64268,0,0,0,7.33381,1.71463,0,0,0,0,0,0,0,0,0,0,0,0,0,4.05737,0,0,0,0,21.2121,0,0,0,0,3.20855,0,0,0,0,0,0,0,0,0,0,0,0,0,0,0.0424412,0,0,0,0,4.8977,0,0,0,0,0.0169765,0,0,0,0,0,0,0,0,0,0,0,0,0,0,0,0,0,0,0,0.169765,0,0,0,0,0,0,0,0,0,0,0,0
0,0,0,0,0,0,0,0,0,0,0,0,0.849286,0,0,0,0,0.00696136,0,0,0,0,0,0,0,0,0,0,0,0,0,0,2.29028,0.0556909,0,0,0,34.4396,2.19283,0,0,0,10.1011,1.42708,0,0,0,0,0,0,0,0,0,0,0,0,0,1.84476,0,0,0,0,33.4997,0,0,0,0,6.75251,0,0,0,0,0,0,0,0,0,0,0,0,0,0,0.0348068,0,0,0,0,6.36963,0,0,0,0,0.0139227,0,0,0,0,0,0,0,0,0,0,0,0,0,0,0,0,0,0,0,0.125305,0,0,0,0,0,0,0,0,0,0,0,0
0,0,0,0,0,0,0,0,0,0,0,0,1.21905,0,0,0,0,0,0,0,0,0,0,0,0,0,0,0,0,0,0,0,5.56193,0,0,0,0,23.1876,0,0,0,0,1.6254,0,0,0,0,0,0,0,0,0,0,0,0,0,0,9.1937,0,0,0,0,36.128,0,0,0,0,5.23177,0,0,0,0,0,0,0,0,0,0,0,0,0,0,3.9873,0,0,0,0,12.8127,0,0,0,0,0.8,0,0,0,0,0,0,0,0,0,0,0,0,0,0,0,0,0,0,0,0.253968,0,0,0,0,0,0,0,0,0,0,0,0
0,0,0,0,0,0,0,0,0,0,0,0,0.641026,0,0,0,0,0,0,0,0,0,0,0,0,0,0,0,0,0,0,0,0.162018,0,0,0,0,25.1752,0,0,0,0,0.0845309,0,0,0,0,0,0,0,0,0,0,0,0,0,0,0.140885,0,0,0,0,65.2841,0,0,0,0,0.514229,0,0,0,0,0,0,0,0,0,0,0,0,0,0,0,0,0,0,0,7.85438,0,0,0,0,0,0,0,0,0,0,0,0,0,0,0,0,0,0,0,0,0,0,0,0,0.147929,0,0,0,0,0,0,0,0,0,0,0,0
0,0,0,0,0,0,0,0.0550315,0,0,0,0,0.683962,0,0,0,0,0.086478,0,0,0,0,0,0,0,0,0,0.448113,0.0157233,0,0,0,13.082,3.73427,0,0,0,19.639,3.34119,0,0,0,5.13364,0.982703,0,0,0,0.0393082,0,0,0,0,0.157233,0,0,0,0,12.398,0,0,0,0,18.7192,0,0,0,0,5.51886,0,0,0,0,0.0393082,0,0,0,0,0,0,0,0,0,3.1132,0,0,0,0,11.0851,0,0,0,0,1.21069,0,0,0,0,0,0,0,0,0,0,0,0,0,0,0,0,0,0,0,0.518868,0,0,0,0,0,0,0,0,0,0,0,0
0,0,0,0,0,0,0,0,0,0,0,0,1.01937,0,0,0,0,0,0,0,0,0,0,0,0,0,0,0,0,0,0,0,2.19164,0,0,0,0,15.2736,0,0,0,0,5.28371,0,0,0,0,0,0,0,0,0,0,0,0,0,0,7.20349,0,0,0,0,22.5788,0,0,0,0,15.1207,0,0,0,0,0.356779,0,0,0,0,0,0,0,0,0,1.88583,0,0,0,0,21.2197,0,0,0,0,7.56026,0,0,0,0,0,0,0,0,0,0,0,0,0,0,0,0,0,0,0,0.30581,0,0,0,0,0,0,0,0,0,0,0,0
0,0,0,0,0,0,0,0.0751396,0.0322027,0,0,0,0.858737,0.0429369,0,0,0,0.118076,0.0214684,0,0,0,0,0,0,0,0,0.139545,0.0107342,0,0,0,11.2281,3.72479,0,0,0,21.0716,5.18463,0,0,0,7.64273,1.92142,0,0,0,0.118076,0,0,0,0,0.0536711,0,0,0,0,10.2619,0,0,0,0,16.3914,0,0,0,0,7.14897,0,0,0,0,0.0536711,0,0,0,0,0,0,0,0,0,2.25419,0,0,0,0,9.51053,0,0,0,0,1.55646,0,0,0,0,0,0,0,0,0,0,0,0,0,0,0,0,0,0,0,0.579648,0,0,0,0,0,0,0,0,0,0,0,0
0,0,0,0,0,0,0,0,0,0,0,0,0.598802,0,0,0,0,0,0,0,0,0,0,0,0,0,0,0,0,0,0,0,0.342173,0,0,0,0,21.6705,0,0,0,0,0.106929,0,0,0,0,0,0,0,0,0,0,0,0,0,0,0.377816,0,0,0,0,67.2602,0,0,0,0,0.463359,0,0,0,0,0,0,0,0,0,0,0,0,0,0,0,0,0,0,0,8.83245,0,0,0,0,0.0213858,0,0,0,0,0,0,0,0,0,0,0,0,0,0,0,0,0,0,0,0.327915,0,0,0,0,0,0,0,0,0,0,0,0
0,0,0,0,0,0,0,0,0,0,0,0,0.800808,0,0,0,0,0,0,0,0,0,0,0,0,0,0,0,0,0,0,0,0.62766,0,0,0,0,30.7753,0,0,0,0,4.8626,0,0,0,0,0,0,0,0,0,0,0,0,0,0,0.764736,0,0,0,0,47.2728,0,0,0,0,6.81052,0,0,0,0,0,0,0,0,0,0,0,0,0,0,0.0216435,0,0,0,0,7.84942,0,0,0,0,0.00721449,0,0,0,0,0,0,0,0,0,0,0,0,0,0,0,0,0,0,0,0.202006,0,0,0,0,0,0,0,0,0,0,0,0
0,0,0,0,0,0,0,0.0505014,0,0,0,0,0.663733,0,0,0,0,0.0793594,0,0,0,0,0,0,0,0,0,0.656518,0,0,0,0,13.1882,1.87577,0,0,0,18.9594,1.85413,0,0,0,3.85977,0.432869,0,0,0,0.0216435,0,0,0,0,0.202006,0,0,0,0,14.0828,0,0,0,0,21.8377,0,0,0,0,4.89867,0,0,0,0,0.014429,0,0,0,0,0,0,0,0,0,3.23211,0,0,0,0,12.4523,0,0,0,0,1.12546,0,0,0,0,0,0,0,0,0,0,0,0,0,0,0,0,0,0,0,0.512229,0,0,0,0,0,0,0,0,0,0,0,0
0,0,0,0,0,0,0,0,0,0,0,0,0.648702,0,0,0,0,0,0,0,0,0,0,0,0,0,0,0,0,0,0,0,0.149701,0,0,0,0,26.0469,0,0,0,0,0.399201,0,0,0,0,0,0,0,0,0,0,0,0,0,0,0.135443,0,0,0,0,62.4494,0,0,0,0,2.09581,0,0,0,0,0,0,0,0,0,0,0,0,0,0,0.0071286,0,0,0,0,7.91284,0,0,0,0,0,0,0,0,0,0,0,0,0,0,0,0,0,0,0,0,0,0,0,0,0.156829,0,0,0,0,0,0,0,0,0,0,0,0
0,0,0,0,0,0,0,0,0,0,0,0,0.642089,0,0,0,0,0,0,0,0,0,0,0,0,0,0,0,0,0,0,0,0.0721449,0,0,0,0,23.0856,0,0,0,0,0,0,0,0,0,0,0,0,0,0,0,0,0,0,0,0.194791,0,0,0,0,67.9995,0,0,0,0,0.0577159,0,0,0,0,0,0,0,0,0,0,0,0,0,0,0,0,0,0,0,7.72677,0,0,0,0,0,0,0,0,0,0,0,0,0,0,0,0,0,0,0,0,0,0,0,0,0.216435,0,0,0,0,0,0,0,0,0,0,0,0
0,0,0,0,0,0,0,0,0,0,0,0,1.29857,0,0,0,0,0.00998901,0,0,0,0,0,0,0,0,0,0.019978,0,0,0,0,12.2963,3.15653,0,0,0,35.3311,5.75363,0,0,0,4.535,0.219758,0,0,0,0,0,0,0,0,0,0,0,0,0,5.9634,0,0,0,0,25.4116,0,0,0,0,2.40735,0,0,0,0,0,0,0,0,0,0,0,0,0,0,0.0499451,0,0,0,0,3.31636,0,0,0,0,0.00998901,0,0,0,0,0,0,0,0,0,0,0,0,0,0,0,0,0,0,0,0.219758,0,0,0,0,0,0,0,0,0,0,0,0
0,0,0,0,0,0,0,0.0699231,0,0,0,0,0.779143,0.039956,0,0,0,0.109879,0.019978,0,0,0,0,0,0,0,0,0.039956,0,0,0,0,9.04993,3.81581,0,0,0,20.2873,7.20201,0,0,0,9.85903,4.33523,0,0,0,0.50944,0.209769,0,0,0,0.00998901,0,0,0,0,8.34073,0,0,0,0,15.253,0,0,0,0,8.2808,0,0,0,0,0.389572,0,0,0,0,0,0,0,0,0,1.50834,0,0,0,0,7.91121,0,0,0,0,1.50834,0,0,0,0,0,0,0,0,0,0,0,0,0,0,0,0,0,0,0,0.469484,0,0,0,0,0,0,0,0,0,0,0,0
0,0,0,0,0,0,0,0,0,0,0,0,0.411226,0,0,0,0,0,0,0,0,0,0,0,0,0,0,0,0,0,0,0,0.389582,0,0,0,0,19.284,0,0,0,0,0.187577,0,0,0,0,0,0,0,0,0,0,0,0,0,0,0.822451,0,0,0,0,66.0653,0,0,0,0,1.30582,0,0,0,0,0,0,0,0,0,0,0,0,0,0,0.0865738,0,0,0,0,10.9733,0,0,0,0,0.101003,0,0,0,0,0,0,0,0,0,0,0,0,0,0,0,0,0,0,0,0.367939,0,0,0,0,0,0,0,0,0,0,0,0
0,0,0,0,0,0,0,0.0505014,0,0,0,0,0.663733,0,0,0,0,0.0721449,0,0,0,0,0,0,0,0,0,0.382368,0,0,0,0,12.2864,0.757521,0,0,0,18.6637,0.959527,0,0,0,2.98681,0.158719,0,0,0,0,0,0,0,0,0.252507,0,0,0,0,15.0712,0,0,0,0,24.651,0,0,0,0,4.7183,0,0,0,0,0,0,0,0,0,0,0,0,0,0,3.33311,0,0,0,0,13.4263,0,0,0,0,1.06774,0,0,0,0,0,0,0,0,0,0,0,0,0,0,0,0,0,0,0,0.4978,0,0,0,0,0,0,0,0,0,0,0,0
0,0,0,0,0,0,0,0,0,0,0,0,1.15556,0,0,0,0,0,0,0,0,0,0,0,0,0,0,0,0,0,0,0,9.60004,0,0,0,0,30.388,0.304762,0,0,0,2.13333,0,0,0,0,0,0,0,0,0,0,0,0,0,0,8.19055,0,0,0,0,36.6233,0,0,0,0,3.33968,0,0,0,0,0,0,0,0,0,0,0,0,0,0,0.888889,0,0,0,0,7.02228,0,0,0,0,0.152381,0,0,0,0,0,0,0,0,0,0,0,0,0,0,0,0,0,0,0,0.203175,0,0,0,0,0,0,0,0,0,0,0,0
0,0,0,0,0,0,0,0,0,0,0,0,0.883534,0,0,0,0,0.00730193,0,0,0,0,0,0,0,0,0,0,0,0,0,0,1.27784,0,0,0,0,33.7995,0.321285,0,0,0,9.36841,0.0949252,0,0,0,0,0,0,0,0,0,0,0,0,0,1.42388,0,0,0,0,37.8956,0,0,0,0,7.11206,0,0,0,0,0,0,0,0,0,0,0,0,0,0,0.0365097,0,0,0,0,7.57207,0,0,0,0,0.0146039,0,0,0,0,0,0,0,0,0,0,0,0,0,0,0,0,0,0,0,0.18985,0,0,0,0,0,0,0,0,0,0,0,0
0,0,0,0,0,0,0,0,0,0,0,0,1.17302,0.108923,0,0,0,0.00837872,0,0,0,0,0,0,0,0,0,0,0,0,0,0,6.60237,0.980311,0,0,0,36.1624,7.84239,0,0,0,8.8311,2.33767,0,0,0,0,0,0,0,0,0,0,0,0,0,3.10851,0,0,0,0,23.5195,0,0,0,0,3.95477,0,0,0,0,0,0,0,0,0,0,0,0,0,0,0.0418936,0,0,0,0,5.21154,0,0,0,0,0.0167574,0,0,0,0,0,0,0,0,0,0,0,0,0,0,0,0,0,0,0,0.100545,0,0,0,0,0,0,0,0,0,0,0,0
0,0,0,0,0,0,0,0,0,0,0,0,1.19365,0,0,0,0,0,0,0,0,0,0,0,0,0,0,0,0,0,0,0,7.66991,0,0,0,0,26.3243,0.0126984,0,0,0,1.38413,0,0,0,0,0,0,0,0,0,0,0,0,0,0,10.273,0,0,0,0,36.5979,0,0,0,0,3.56825,0,0,0,0,0,0,0,0,0,0,0,0,0,0,2.34921,0,0,0,0,10.0064,0,0,0,0,0.368254,0,0,0,0,0,0,0,0,0,0,0,0,0,0,0,0,0,0,0,0.253968,0,0,0,0,0,0,0,0,0,0,0,0
0,0,0,0,0,0,0,0,0,0,0,0,0.454442,0,0,0,0,0,0,0,0,0,0,0,0,0,0,0,0,0,0,0,3.45377,0,0,0,0,18.7307,0,0,0,0,1.06036,0,0,0,0,0,0,0,0,0,0,0,0,0,0,13.8075,0,0,0,0,41.231,0,0,0,0,3.26442,0,0,0,0,0,0,0,0,0,0,0,0,0,0,1.59812,0,0,0,0,15.2542,0,0,0,0,0.711959,0,0,0,0,0,0,0,0,0,0,0,0,0,0,0,0,0,0,0,0.43172,0,0,0,0,0,0,0,0,0,0,0,0
0,0,0,0,0,0,0,0,0,0,0,0,1.3687,0,0,0,0,0.0121124,0,0,0,0,0,0,0,0,0,0,0,0,0,0,12.1973,0.581395,0,0,0,34.4346,1.52616,0,0,0,2.42248,0,0,0,0,0,0,0,0,0,0,0,0,0,0,7.1827,0,0,0,0,32.957,0,0,0,0,2.72529,0,0,0,0,0,0,0,0,0,0,0,0,0,0,0.0484496,0,0,0,0,4.26356,0,0,0,0,0.0484496,0,0,0,0,0,0,0,0,0,0,0,0,0,0,0,0,0,0,0,0.230136,0,0,0,0,0,0,0,0,0,0,0,0
0,0,0,0,0,0,0,0,0,0,0,0,0.628233,0,0,0,0,0,0,0,0,0,0,0,0,0,0,0,0,0,0,0,0.0739098,0,0,0,0,22.4021,0,0,0,0,0,0,0,0,0,0,0,0,0,0,0,0,0,0,0,0.110865,0,0,0,0,68.753,0,0,0,0,0.0665188,0,0,0,0,0,0,0,0,0,0,0,0,0,0,0,0,0,0,0,7.72357,0,0,0,0,0,0,0,0,0,0,0,0,0,0,0,0,0,0,0,0,0,0,0,0,0.251293,0,0,0,0,0,0,0,0,0,0,0,0
0,0,0,0,0,0,0,0.0601995,0.0859993,0,0,0,0.713795,0.0257998,0,0,0,0.0945992,0,0,0,0,0,0,0,0,0,0.300998,0.00859993,0,0,0,12.7538,4.17097,0,0,0,20.107,4.07638,0,0,0,5.81353,1.35879,0,0,0,0.0515996,0,0,0,0,0.111799,0,0,0,0,11.524,0,0,0,0,17.8107,0,0,0,0,5.87372,0,0,0,0,0.0429997,0,0,0,0,0,0,0,0,0,2.95838,0,0,0,0,10.3027,0,0,0,0,1.22119,0,0,0,0,0,0,0,0,0,0,0,0,0,0,0,0,0,0,0,0.533196,0,0,0,0,0,0,0,0,0,0,0,0
0,0,0,0,0,0,0,0,0,0,0,0,0.518437,0,0,0,0,0,0,0,0,0,0,0,0,0,0,0,0,0,0,0,0.584155,0,0,0,0,19.2918,0,0,0,0,0.460022,0,0,0,0,0,0,0,0,0,0,0,0,0,0,5.08216,0,0,0,0,56.0905,0,0,0,0,2.21249,0,0,0,0,0,0,0,0,0,0,0,0,0,0,0.496531,0,0,0,0,14.3924,0,0,0,0,0.445418,0,0,0,0,0,0,0,0,0,0,0,0,0,0,0,0,0,0,0,0.423512,0,0,0,0,0,0,0,0,0,0,0,0
0,0,0,0,0,0,0,0.0517369,0,0,0,0,0.613451,0,0,0,0,0.0295639,0,0,0,0,0,0,0,0,0,0.0369549,0,0,0,0,10.3326,0.184775,0,0,0,18.2853,0.325203,0,0,0,2.1286,0.0221729,0,0,0,0,0,0,0,0,0.14782,0,0,0,0,16.2675,0,0,0,0,28.337,0,0,0,0,4.19068,0,0,0,0,0,0,0,0,0,0,0,0,0,0,3.49593,0,0,0,0,14.0946,0,0,0,0,0.953436,0,0,0,0,0,0,0,0,0,0,0,0,0,0,0,0,0,0,0,0.502586,0,0,0,0,0,0,0,0,0,0,0,0
0,0,0,0,0,0,0,0,0,0,0,0,1.12855,0,0,0,0,0,0,0,0,0,0,0,0,0,0,0,0,0,0,0,1.93969,0,0,0,0,14.7063,0,0,0,0,3.63252,0,0,0,0,0,0,0,0,0,0,0,0,0,0,7.14158,0,0,0,0,24.4753,0,0,0,0,13.7541,0,0,0,0,0.0352671,0,0,0,0,0,0,0,0,0,2.43343,0,0,0,0,23.5936,0,0,0,0,6.78891,0,0,0,0,0,0,0,0,0,0,0,0,0,0,0,0,0,0,0,0.370305,0,0,0,0,0,0,0,0,0,0,0,0
0,0,0,0,0,0,0,0,0,0,0,0,0.674088,0,0,0,0,0,0,0,0,0,0,0,0,0,0,0,0,0,0,0,0.189351,0,0,0,0,27.0243,0,0,0,0,0.833143,0,0,0,0,0,0,0,0,0,0,0,0,0,0,0.166629,0,0,0,0,59.4042,0,0,0,0,3.40833,0,0,0,0,0,0,0,0,0,0,0,0,0,0,0.00757404,0,0,0,0,8.10426,0,0,0,0,0.00757404,0,0,0,0,0,0,0,0,0,0,0,0,0,0,0,0,0,0,0,0.174203,0,0,0,0,0,0,0,0,0,0,0,0
0,0,0,0,0,0,0,0,0,0,0,0,1.36909,0,0,0,0,0.0112221,0,0,0,0,0,0,0,0,0,0,0,0,0,0,12.49,2.26686,0,0,0,36.0577,4.34295,0,0,0,3.68085,0.0448883,0,0,0,0,0,0,0,0,0,0,0,0,0,6.07112,0,0,0,0,27.865,0,0,0,0,2.21075,0,0,0,0,0,0,0,0,0,0,0,0,0,0,0.0448883,0,0,0,0,3.31052,0,0,0,0,0.0112221,0,0,0,0,0,0,0,0,0,0,0,0,0,0,0,0,0,0,0,0.224442,0,0,0,0,0,0,0,0,0,0,0,0
0,0,0,0,0,0,0,0,0,0,0,0,0.499886,0,0,0,0,0,0,0,0,0,0,0,0,0,0,0,0,0,0,0,0.954327,0,0,0,0,19.1776,0,0,0,0,0.575626,0,0,0,0,0,0,0,0,0,0,0,0,0,0,8.21787,0,0,0,0,50.3857,0,0,0,0,2.45399,0,0,0,0,0,0,0,0,0,0,0,0,0,0,1.03007,0,0,0,0,15.6935,0,0,0,0,0.568052,0,0,0,0,0,0,0,0,0,0,0,0,0,0,0,0,0,0,0,0.439294,0,0,0,0,0,0,0,0,0,0,0,0
0,0,0,0,0,0,0,0,0,0,0,0,0.550747,0.0262261,0,0,0,0,0,0,0,0,0,0,0,0,0,0,0,0,0,0,3.40939,0.236035,0,0,0,17.2567,1.38998,0,0,0,13.4277,1.23262,0,0,0,1.98007,0.0262261,0,0,0,0,0,0,0,0,6.81877,0,0,0,0,19.1844,0,0,0,0,13.808,0,0,0,0,2.20299,0,0,0,0,0,0,0,0,0,0.721216,0,0,0,0,11.3952,0,0,0,0,5.70416,0,0,0,0,0.472069,0,0,0,0,0,0,0,0,0,0,0,0,0,0,0.157356,0,0,0,0,0,0,0,0,0,0,0,0
0,0,0,0,0,0,0,0,0,0,0,0,0.979913,0,0,0,0,0.00816593,0,0,0,0,0,0,0,0,0,0,0,0,0,0,4.1891,0.318471,0,0,0,37.0243,5.60179,0,0,0,9.33366,2.40895,0,0,0,0,0,0,0,0,0,0,0,0,0,2.54777,0,0,0,0,27.5677,0,0,0,0,4.73621,0,0,0,0,0,0,0,0,0,0,0,0,0,0,0.0408297,0,0,0,0,5.12817,0,0,0,0,0.0163319,0,0,0,0,0,0,0,0,0,0,0,0,0,0,0,0,0,0,0,0.0979912,0,0,0,0,0,0,0,0,0,0,0,0
0,0,0,0,0,0,0,0.0679876,0.0291375,0,0,0,0.767289,0.252525,0,0,0,0.106838,0.135975,0,0,0,0,0,0,0,0,0,0,0,0,0,7.265,2.61266,0,0,0,19.347,7.02219,0,0,0,11.5481,6.20632,0,0,0,1.31119,0.796426,0,0,0,0,0,0,0,0,6.92506,0,0,0,0,15.0931,0,0,0,0,9.3823,0,0,0,0,0.641026,0,0,0,0,0,0,0,0,0,1.11694,0,0,0,0,7.19702,0,0,0,0,1.68997,0,0,0,0,0.0291375,0,0,0,0,0,0,0,0,0,0,0,0,0,0,0.456488,0,0,0,0,0,0,0,0,0,0,0,0
0,0,0,0,0,0,0,0,0,0,0,0,0.651791,0,0,0,0,0,0,0,0,0,0,0,0,0,0,0,0,0,0,0,0.0766812,0,0,0,0,22.4214,0,0,0,0,0.00766812,0,0,0,0,0,0,0,0,0,0,0,0,0,0,0.0690131,0,0,0,0,68.6184,0,0,0,0,0.0460087,0,0,0,0,0,0,0,0,0,0,0,0,0,0,0,0,0,0,0,7.81374,0,0,0,0,0,0,0,0,0,0,0,0,0,0,0,0,0,0,0,0,0,0,0,0,0.291389,0,0,0,0,0,0,0,0,0,0,0,0
0,0,0,0,0,0,0,0,0,0,0,0,1.1583,0.0183857,0,0,0,0.00919287,0,0,0,0,0,0,0,0,0,0,0,0,0,0,8.24604,1.59036,0,0,0,35.6968,9.5054,0,0,0,7.76802,1.75583,0,0,0,0,0,0,0,0,0,0,0,0,0,3.52088,0,0,0,0,21.5941,0,0,0,0,3.30025,0,0,0,0,0,0,0,0,0,0,0,0,0,0,0.0459643,0,0,0,0,5.66283,0,0,0,0,0.0183857,0,0,0,0,0,0,0,0,0,0,0,0,0,0,0,0,0,0,0,0.110314,0,0,0,0,0,0,0,0,0,0,0,0
0,0,0,0,0,0,0,0.0762527,0.0217865,0,0,0,0.762527,0.206972,0,0,0,0.119826,0.141612,0,0,0,0,0,0,0,0,0,0,0,0,0,5.91507,1.79738,0,0,0,18.7143,5.88239,0,0,0,12.4509,6.08936,0,0,0,1.87364,1.03486,0,0,0,0,0,0,0,0,6.54688,0,0,0,0,16.198,0,0,0,0,10.7407,0,0,0,0,1.08932,0,0,0,0,0,0,0,0,0,0.904139,0,0,0,0,7.02619,0,0,0,0,1.90632,0,0,0,0,0.043573,0,0,0,0,0,0,0,0,0,0,0,0,0,0,0.457516,0,0,0,0,0,0,0,0,0,0,0,0
0,0,0,0,0,0,0,0.0471698,0,0,0,0,0.581761,0,0,0,0,0,0,0,0,0,0,0,0,0,0,0,0,0,0,0,7.16979,0.0235849,0,0,0,18.1845,0.0786164,0,0,0,1.62736,0,0,0,0,0,0,0,0,0,0,0,0,0,0,16.5492,0,0,0,0,32.3913,0,0,0,0,3.86005,0,0,0,0,0,0,0,0,0,0,0,0,0,0,3.28616,0,0,0,0,14.8353,0,0,0,0,0.864779,0,0,0,0,0,0,0,0,0,0,0,0,0,0,0,0,0,0,0,0.503145,0,0,0,0,0,0,0,0,0,0,0,0
0,0,0,0,0,0,0,0,0,0,0,0,0.573203,0,0,0,0,0,0,0,0,0,0,0,0,0,0,0,0,0,0,0,0.222912,0,0,0,0,20.7072,0,0,0,0,0.0875726,0,0,0,0,0,0,0,0,0,0,0,0,0,0,0.350291,0,0,0,0,67.3984,0,0,0,0,0.48563,0,0,0,0,0,0,0,0,0,0,0,0,0,0,0,0,0,0,0,9.80024,0,0,0,0,0.0238834,0,0,0,0,0,0,0,0,0,0,0,0,0,0,0,0,0,0,0,0.350291,0,0,0,0,0,0,0,0,0,0,0,0
0,0,0,0,0,0,0,0.0874891,0,0,0,0,0.887389,0.0499937,0,0,0,0.137483,0.0249969,0,0,0,0,0,0,0,0,0.0499937,0,0,0,0,10.2238,3.48705,0,0,0,21.7727,5.87424,0,0,0,8.48642,2.3622,0,0,0,0.137483,0,0,0,0,0.0124984,0,0,0,0,9.42384,0,0,0,0,16.7482,0,0,0,0,7.84899,0,0,0,0,0.0624922,0,0,0,0,0,0,0,0,0,1.87476,0,0,0,0,8.43643,0,0,0,0,1.43732,0,0,0,0,0,0,0,0,0,0,0,0,0,0,0,0,0,0,0,0.574928,0,0,0,0,0,0,0,0,0,0,0,0
0,0,0,0,0,0,0,0.0679876,0.0777001,0,0,0,0.747864,0.03885,0,0,0,0.106838,0.019425,0,0,0,0,0,0,0,0,0.174825,0.019425,0,0,0,12.296,4.46775,0,0,0,20.7942,4.78827,0,0,0,6.42971,1.59285,0,0,0,0.0582751,0,0,0,0,0.0679876,0,0,0,0,10.6935,0,0,0,0,17.2783,0,0,0,0,6.27431,0,0,0,0,0.0485625,0,0,0,0,0,0,0,0,0,2.70978,0,0,0,0,9.48914,0,0,0,0,1.21406,0,0,0,0,0,0,0,0,0,0,0,0,0,0,0,0,0,0,0,0.543901,0,0,0,0,0,0,0,0,0,0,0,0
0,0,0,0,0,0,0,0,0,0,0,0,0.867766,0,0,0,0,0,0,0,0,0,0,0,0,0,0,0,0,0,0,0,0.700581,0,0,0,0,31.6937,0,0,0,0,5.85941,0,0,0,0,0,0,0,0,0,0,0,0,0,0,0.684659,0,0,0,0,44.1213,0,0,0,0,7.39593,0,0,0,0,0,0,0,0,0,0,0,0,0,0,0.0238834,0,0,0,0,8.42294,0,0,0,0,0.00796115,0,0,0,0,0,0,0,0,0,0,0,0,0,0,0,0,0,0,0,0.222912,0,0,0,0,0,0,0,0,0,0,0,0
0,0,0,0,0,0,0,0,0,0,0,0,1.38193,0,0,0,0,0.0135483,0,0,0,0,0,0,0,0,0,0,0,0,0,0,10.8792,0.0812898,0,0,0,33.8296,0.596126,0,0,0,1.91031,0,0,0,0,0,0,0,0,0,0,0,0,0,0,7.30256,0,0,0,0,36.3228,0,0,0,0,2.42515,0,0,0,0,0,0,0,0,0,0,0,0,0,0,0.0812898,0,0,0,0,4.89095,0,0,0,0,0.0541932,0,0,0,0,0,0,0,0,0,0,0,0,0,0,0,0,0,0,0,0.230321,0,0,0,0,0,0,0,0,0,0,0,0
0,0,0,0,0,0,0,0,0,0,0,0,1.18028,0,0,0,0,0,0,0,0,0,0,0,0,0,0,0,0,0,0,0,1.63716,0,0,0,0,14.1822,0,0,0,0,2.34152,0,0,0,0,0,0,0,0,0,0,0,0,0,0,7.27205,0,0,0,0,27.6796,0,0,0,0,11.441,0,0,0,0,0,0,0,0,0,0,0,0,0,0,3.12203,0,0,0,0,25.4903,0,0,0,0,5.23511,0,0,0,0,0,0,0,0,0,0,0,0,0,0,0,0,0,0,0,0.418808,0,0,0,0,0,0,0,0,0,0,0,0
0,0,0,0,0,0,0,0,0,0,0,0,0.7431,0,0,0,0,0,0,0,0,0,0,0,0,0,0,0,0,0,0,0,0.244978,0,0,0,0,28.425,0,0,0,0,1.61686,0,0,0,0,0,0,0,0,0,0,0,0,0,0,0.212314,0,0,0,0,55.7437,0,0,0,0,4.35242,0,0,0,0,0,0,0,0,0,0,0,0,0,0,0.0163319,0,0,0,0,8.44353,0,0,0,0,0.00816593,0,0,0,0,0,0,0,0,0,0,0,0,0,0,0,0,0,0,0,0.195982,0,0,0,0,0,0,0,0,0,0,0,0
0,0,0,0,0,0,0,0,0,0,0,0,1.15894,0.0261415,0,0,0,0.00871384,0,0,0,0,0,0,0,0,0,0,0,0,0,0,5.60295,0.723249,0,0,0,37.0607,7.99922,0,0,0,9.0623,2.67514,0,0,0,0,0,0,0,0,0,0,0,0,0,2.57929,0,0,0,0,23.6325,0,0,0,0,3.90377,0,0,0,0,0,0,0,0,0,0,0,0,0,0,0.0435692,0,0,0,0,5.40253,0,0,0,0,0.0174277,0,0,0,0,0,0,0,0,0,0,0,0,0,0,0,0,0,0,0,0.104566,0,0,0,0,0,0,0,0,0,0,0,0
0,0,0,0,0,0,0,0,0,0,0,0,0.471464,0,0,0,0,0,0,0,0,0,0,0,0,0,0,0,0,0,0,0,1.63772,0,0,0,0,18.5857,0,0,0,0,0.628618,0,0,0,0,0,0,0,0,0,0,0,0,0,0,11.7782,0,0,0,0,45.1364,0,0,0,0,2.63027,0,0,0,0,0,0,0,0,0,0,0,0,0,0,1.65426,0,0,0,0,16.4433,0,0,0,0,0.587262,0,0,0,0,0,0,0,0,0,0,0,0,0,0,0,0,0,0,0,0.44665,0,0,0,0,0,0,0,0,0,0,0,0
0,0,0,0,0,0,0,0,0,0,0,0,0.942927,0,0,0,0,0.0082713,0,0,0,0,0,0,0,0,0,0,0,0,0,0,2.36559,0.0661704,0,0,0,36.8496,2.48139,0,0,0,10.0413,1.63772,0,0,0,0,0,0,0,0,0,0,0,0,0,1.6129,0,0,0,0,32.0694,0,0,0,0,5.70716,0,0,0,0,0,0,0,0,0,0,0,0,0,0,0.0413565,0,0,0,0,6.04628,0,0,0,0,0.0165426,0,0,0,0,0,0,0,0,0,0,0,0,0,0,0,0,0,0,0,0.115798,0,0,0,0,0,0,0,0,0,0,0,0
0,0,0,0,0,0,0,0,0,0,0,0,0.653432,0,0,0,0,0,0,0,0,0,0,0,0,0,0,0,0,0,0,0,0.082713,0,0,0,0,22.2503,0,0,0,0,0.0082713,0,0,0,0,0,0,0,0,0,0,0,0,0,0,0.0744417,0,0,0,0,68.2352,0,0,0,0,0.0496278,0,0,0,0,0,0,0,0,0,0,0,0,0,0,0,0,0,0,0,8.3126,0,0,0,0,0,0,0,0,0,0,0,0,0,0,0,0,0,0,0,0,0,0,0,0,0.330852,0,0,0,0,0,0,0,0,0,0,0,0
0,0,0,0,0,0,0,0,0,0,0,0,0.576973,0.0524521,0,0,0,0.0786782,0.0262261,0,0,0,0,0,0,0,0,0,0,0,0,0,3.65853,0.340939,0,0,0,17.5059,1.86205,0,0,0,14.5292,2.04563,0,0,0,2.7144,0.118017,0,0,0,0,0,0,0,0,6.38604,0,0,0,0,18.7516,0,0,0,0,13.3622,0,0,0,0,1.87516,0,0,0,0,0,0,0,0,0,0.576973,0,0,0,0,10.1101,0,0,0,0,4.74691,0,0,0,0,0.445843,0,0,0,0,0,0,0,0,0,0,0,0,0,0,0.236035,0,0,0,0,0,0,0,0,0,0,0,0
0,0,0,0,0,0,0,0,0,0,0,0,1.2069,0.0383142,0,0,0,0.00957854,0,0,0,0,0,0,0,0,0,0,0,0,0,0,7.50005,1.24521,0,0,0,36.8205,9.15716,0,0,0,8.11308,1.83908,0,0,0,0,0,0,0,0,0,0,0,0,0,3.04597,0,0,0,0,21.5328,0,0,0,0,3.33333,0,0,0,0,0,0,0,0,0,0,0,0,0,0,0.0478927,0,0,0,0,5.97703,0,0,0,0,0.0191571,0,0,0,0,0,0,0,0,0,0,0,0,0,0,0,0,0,0,0,0.114943,0,0,0,0,0,0,0,0,0,0,0,0
0,0,0,0,0,0,0,0,0,0,0,0,0.475341,0,0,0,0,0,0,0,0,0,0,0,0,0,0,0,0,0,0,0,0.161277,0,0,0,0,18.5385,0,0,0,0,0.110347,0,0,0,0,0,0,0,0,0,0,0,0,0,0,0.585689,0,0,0,0,66.0366,0,0,0,0,1.22231,0,0,0,0,0,0,0,0,0,0,0,0,0,0,0.101859,0,0,0,0,12.2487,0,0,0,0,0.0933707,0,0,0,0,0,0,0,0,0,0,0,0,0,0,0,0,0,0,0,0.424412,0,0,0,0,0,0,0,0,0,0,0,0
0,0,0,0,0,0,0,0.0257998,0,0,0,0,0.515996,0,0,0,0,0,0,0,0,0,0,0,0,0,0,0,0,0,0,0,4.59236,0,0,0,0,17.6989,0.00859993,0,0,0,1.00619,0,0,0,0,0,0,0,0,0,0,0,0,0,0,15.8929,0,0,0,0,37.0053,0,0,0,0,3.32818,0,0,0,0,0,0,0,0,0,0,0,0,0,0,3.00998,0,0,0,0,15.7123,0,0,0,0,0.713795,0,0,0,0,0,0,0,0,0,0,0,0,0,0,0,0,0,0,0,0.490196,0,0,0,0,0,0,0,0,0,0,0,0
0,0,0,0,0,0,0,0,0,0,0,0,1.37484,0,0,0,0,0,0,0,0,0,0,0,0,0,0,0,0,0,0,0,4.94628,0,0,0,0,24.0199,0,0,0,0,0.663717,0,0,0,0,0,0,0,0,0,0,0,0,0,0,9.0708,0,0,0,0,41.6407,0,0,0,0,3.08155,0,0,0,0,0,0,0,0,0,0,0,0,0,0,2.8129,0,0,0,0,11.7098,0,0,0,0,0.379267,0,0,0,0,0,0,0,0,0,0,0,0,0,0,0,0,0,0,0,0.300253,0,0,0,0,0,0,0,0,0,0,0,0
0,0,0,0,0,0,0,0,0,0,0,0,0.926384,0,0,0,0,0.0082713,0,0,0,0,0,0,0,0,0,0,0,0,0,0,1.47229,0,0,0,0,35.7083,0.496278,0,0,0,9.74352,0.239868,0,0,0,0,0,0,0,0,0,0,0,0,0,1.32341,0,0,0,0,35.5677,0,0,0,0,6.82378,0,0,0,0,0,0,0,0,0,0,0,0,0,0,0.0413565,0,0,0,0,7.4772,0,0,0,0,0.0165426,0,0,0,0,0,0,0,0,0,0,0,0,0,0,0,0,0,0,0,0.157155,0,0,0,0,0,0,0,0,0,0,0,0
0,0,0,0,0,0,0,0,0,0,0,0,1.08911,0,0,0,0,0,0,0,0,0,0,0,0,0,0,0,0,0,0,0,1.90099,0,0,0,0,14.4555,0,0,0,0,4.57427,0,0,0,0,0,0,0,0,0,0,0,0,0,0,7.74261,0,0,0,0,24.4754,0,0,0,0,14.8714,0,0,0,0,0.138614,0,0,0,0,0,0,0,0,0,1.48515,0,0,0,0,21.7427,0,0,0,0,7.24755,0,0,0,0,0,0,0,0,0,0,0,0,0,0,0,0,0,0,0,0.277228,0,0,0,0,0,0,0,0,0,0,0,0
0,0,0,0,0,0,0,0.0847868,0,0,0,0,0.787306,0.0242248,0,0,0,0.133236,0.0242248,0,0,0,0,0,0,0,0,0,0,0,0,0,8.05481,2.96753,0,0,0,21.4509,7.52186,0,0,0,10.6348,4.97821,0,0,0,0.520833,0.205911,0,0,0,0,0,0,0,0,7.43707,0,0,0,0,16.4004,0,0,0,0,8.68467,0,0,0,0,0.25436,0,0,0,0,0,0,0,0,0,1.23546,0,0,0,0,6.68609,0,0,0,0,1.41715,0,0,0,0,0,0,0,0,0,0,0,0,0,0,0,0,0,0,0,0.496609,0,0,0,0,0,0,0,0,0,0,0,0
0,0,0,0,0,0,0,0,0,0,0,0,1.29353,0,0,0,0,0.0110558,0,0,0,0,0,0,0,0,0,0,0,0,0,0,10.9122,3.28359,0,0,0,38.2848,8.43567,0,0,0,5.18522,0.519624,0,0,0,0,0,0,0,0,0,0,0,0,0,4.19018,0,0,0,0,21.647,0,0,0,0,2.03427,0,0,0,0,0,0,0,0,0,0,0,0,0,0,0.0552792,0,0,0,0,3.92484,0,0,0,0,0.0110558,0,0,0,0,0,0,0,0,0,0,0,0,0,0,0,0,0,0,0,0.210061,0,0,0,0,0,0,0,0,0,0,0,0
0,0,0,0,0,0,0,0,0,0,0,0,1.42262,0,0,0,0,0.011566,0,0,0,0,0,0,0,0,0,0,0,0,0,0,11.462,3.34257,0,0,0,38.735,7.25192,0,0,0,4.48761,0.231321,0,0,0,0,0,0,0,0,0,0,0,0,0,4.56857,0,0,0,0,22.9703,0,0,0,0,1.82743,0,0,0,0,0,0,0,0,0,0,0,0,0,0,0.0578302,0,0,0,0,3.4004,0,0,0,0,0.011566,0,0,0,0,0,0,0,0,0,0,0,0,0,0,0,0,0,0,0,0.219755,0,0,0,0,0,0,0,0,0,0,0,0
0,0,0,0,0,0,0,0,0,0,0,0,1.18297,0,0,0,0,0.0110558,0,0,0,0,0,0,0,0,0,0,0,0,0,0,10.2599,2.81924,0,0,0,38.1632,9.01057,0,0,0,5.83752,0.807076,0,0,0,0,0,0,0,0,0,0,0,0,0,3.91378,0,0,0,0,20.8732,0,0,0,0,2.28856,0,0,0,0,0,0,0,0,0,0,0,0,0,0,0.0552792,0,0,0,0,4.5882,0,0,0,0,0.0110558,0,0,0,0,0,0,0,0,0,0,0,0,0,0,0,0,0,0,0,0.176893,0,0,0,0,0,0,0,0,0,0,0,0
0,0,0,0,0,0,0,0,0,0,0,0,0.540258,0,0,0,0,0,0,0,0,0,0,0,0,0,0,0,0,0,0,0,0.182991,0,0,0,0,19.2229,0,0,0,0,0.139421,0,0,0,0,0,0,0,0,0,0,0,0,0,0,1.74277,0,0,0,0,61.4913,0,0,0,0,1.55106,0,0,0,0,0,0,0,0,0,0,0,0,0,0,0.287557,0,0,0,0,14.1424,0,0,0,0,0.243988,0,0,0,0,0,0,0,0,0,0,0,0,0,0,0,0,0,0,0,0.45312,0,0,0,0,0,0,0,0,0,0,0,0
0,0,0,0,0,0,0,0,0,0,0,0,1.10562,0,0,0,0,0.0107342,0,0,0,0,0,0,0,0,0,0,0,0,0,0,9.91844,2.36153,0,0,0,37.517,9.33878,0,0,0,6.29024,1.04122,0,0,0,0,0,0,0,0,0,0,0,0,0,3.81066,0,0,0,0,20.857,0,0,0,0,2.45814,0,0,0,0,0,0,0,0,0,0,0,0,0,0,0.0536711,0,0,0,0,5.05582,0,0,0,0,0.0107342,0,0,0,0,0,0,0,0,0,0,0,0,0,0,0,0,0,0,0,0.171748,0,0,0,0,0,0,0,0,0,0,0,0
0,0,0,0,0,0,0,0,0,0,0,0,0.547461,0,0,0,0,0,0,0,0,0,0,0,0,0,0,0,0,0,0,0,0.335541,0,0,0,0,19.4699,0,0,0,0,0.194261,0,0,0,0,0,0,0,0,0,0,0,0,0,0,4.23843,0,0,0,0,55.8422,0,0,0,0,1.81016,0,0,0,0,0,0,0,0,0,0,0,0,0,0,0.653421,0,0,0,0,16.0354,0,0,0,0,0.397351,0,0,0,0,0,0,0,0,0,0,0,0,0,0,0,0,0,0,0,0.476821,0,0,0,0,0,0,0,0,0,0,0,0
0,0,0,0,0,0,0,0.0917912,0.0393391,0,0,0,0.852347,0.0393391,0,0,0,0.144243,0,0,0,0,0,0,0,0,0,0.0786782,0,0,0,0,11.7362,3.68476,0,0,0,22.5806,5.04851,0,0,0,6.50406,1.58668,0,0,0,0.0393391,0,0,0,0,0.0393391,0,0,0,0,10.1233,0,0,0,0,17.9386,0,0,0,0,6.62208,0,0,0,0,0,0,0,0,0,0,0,0,0,0,2.37346,0,0,0,0,8.62837,0,0,0,0,1.21951,0,0,0,0,0,0,0,0,0,0,0,0,0,0,0,0,0,0,0,0.629425,0,0,0,0,0,0,0,0,0,0,0,0
0,0,0,0,0,0,0,0,0,0,0,0,1.22423,0,0,0,0,0,0,0,0,0,0,0,0,0,0,0,0,0,0,0,1.22423,0,0,0,0,13.7672,0,0,0,0,1.54639,0,0,0,0,0,0,0,0,0,0,0,0,0,0,6.85138,0,0,0,0,31.593,0,0,0,0,9.79383,0,0,0,0,0,0,0,0,0,0,0,0,0,0,3.67268,0,0,0,0,26.2668,0,0,0,0,3.62973,0,0,0,0,0,0,0,0,0,0,0,0,0,0,0,0,0,0,0,0.429553,0,0,0,0,0,0,0,0,0,0,0,0
0,0,0,0,0,0,0,0,0,0,0,0,1.1782,0,0,0,0,0,0,0,0,0,0,0,0,0,0,0,0,0,0,0,1.51483,0,0,0,0,13.6755,0,0,0,0,3.00862,0,0,0,0,0,0,0,0,0,0,0,0,0,0,7.34275,0,0,0,0,26.4677,0,0,0,0,13.4651,0,0,0,0,0,0,0,0,0,0,0,0,0,0,1.91458,0,0,0,0,24.3637,0,0,0,0,6.69052,0,0,0,0,0,0,0,0,0,0,0,0,0,0,0,0,0,0,0,0.378708,0,0,0,0,0,0,0,0,0,0,0,0
0,0,0,0,0,0,0,0,0,0,0,0,1.0581,0,0,0,0,0.00944733,0,0,0,0,0,0,0,0,0,0,0,0,0,0,2.99481,0.0755787,0,0,0,39.1314,3.31601,0,0,0,9.63614,1.63439,0,0,0,0,0,0,0,0,0,0,0,0,0,1.91781,0,0,0,0,29.2578,0,0,0,0,4.85591,0,0,0,0,0,0,0,0,0,0,0,0,0,0,0.0472367,0,0,0,0,5.93288,0,0,0,0,0.0188947,0,0,0,0,0,0,0,0,0,0,0,0,0,0,0,0,0,0,0,0.113368,0,0,0,0,0,0,0,0,0,0,0,0
0,0,0,0,0,0,0,0,0,0,0,0,0.444404,0,0,0,0,0,0,0,0,0,0,0,0,0,0,0,0,0,0,0,0.0906947,0,0,0,0,19.3723,0,0,0,0,0.0362779,0,0,0,0,0,0,0,0,0,0,0,0,0,0,0.299293,0,0,0,0,68.101,0,0,0,0,0.471613,0,0,0,0,0,0,0,0,0,0,0,0,0,0,0,0,0,0,0,10.7745,0,0,0,0,0.0272084,0,0,0,0,0,0,0,0,0,0,0,0,0,0,0,0,0,0,0,0.389987,0,0,0,0,0,0,0,0,0,0,0,0
0,0,0,0,0,0,0,0,0,0,0,0,0.653244,0,0,0,0,0,0,0,0,0,0,0,0,0,0,0,0,0,0,0,0.0894855,0,0,0,0,21.4588,0,0,0,0,0.0178971,0,0,0,0,0,0,0,0,0,0,0,0,0,0,0.0805369,0,0,0,0,68.1651,0,0,0,0,0.0357942,0,0,0,0,0,0,0,0,0,0,0,0,0,0,0,0,0,0,0,9.14529,0,0,0,0,0,0,0,0,0,0,0,0,0,0,0,0,0,0,0,0,0,0,0,0,0.357942,0,0,0,0,0,0,0,0,0,0,0,0
0,0,0,0,0,0,0,0,0,0,0,0,0.689038,0,0,0,0,0,0,0,0,0,0,0,0,0,0,0,0,0,0,0,0,0,0,0,0,23.0875,0,0,0,0,0,0,0,0,0,0,0,0,0,0,0,0,0,0,0,0,0,0,0,0,66.4021,0,0,0,0,0.375839,0,0,0,0,0,0,0,0,0,0,0,0,0,0,0,0,0,0,0,9.27952,0,0,0,0,0,0,0,0,0,0,0,0,0,0,0,0,0,0,0,0,0,0,0,0,0.170022,0,0,0,0,0,0,0,0,0,0,0,0
0,0,0,0,0,0,0,0.104948,0,0,0,0,0.884557,0.029985,0,0,0,0.164918,0.029985,0,0,0,0,0,0,0,0,0,0,0,0,0,9.20546,2.93853,0,0,0,23.1182,6.4468,0,0,0,8.90561,2.83358,0,0,0,0.134933,0.0149925,0,0,0,0,0,0,0,0,8.57577,0,0,0,0,17.7812,0,0,0,0,8.33589,0,0,0,0,0.0749625,0,0,0,0,0,0,0,0,0,1.54423,0,0,0,0,6.94156,0,0,0,0,1.30435,0,0,0,0,0,0,0,0,0,0,0,0,0,0,0,0,0,0,0,0.629685,0,0,0,0,0,0,0,0,0,0,0,0
0,0,0,0,0,0,0,0.0699231,0,0,0,0,0.649286,0,0,0,0,0.109879,0,0,0,0,0,0,0,0,0,0.349615,0,0,0,0,13.9744,3.0966,0,0,0,20.1774,2.71701,0,0,0,4.16542,0.60933,0,0,0,0,0,0,0,0,0.129857,0,0,0,0,12.6359,0,0,0,0,20.1974,0,0,0,0,5.20425,0,0,0,0,0,0,0,0,0,0,0,0,0,0,3.44621,0,0,0,0,10.8879,0,0,0,0,0.968935,0,0,0,0,0,0,0,0,0,0,0,0,0,0,0,0,0,0,0,0.60933,0,0,0,0,0,0,0,0,0,0,0,0
0,0,0,0,0,0,0,0,0,0,0,0,0.934154,0,0,0,0,0,0,0,0,0,0,0,0,0,0,0,0,0,0,0,0.725557,0,0,0,0,33.2398,0,0,0,0,6.75674,0,0,0,0,0,0,0,0,0,0,0,0,0,0,0.562307,0,0,0,0,41.5401,0,0,0,0,7.32811,0,0,0,0,0,0,0,0,0,0,0,0,0,0,0.0272084,0,0,0,0,8.67039,0,0,0,0,0.00906947,0,0,0,0,0,0,0,0,0,0,0,0,0,0,0,0,0,0,0,0.208598,0,0,0,0,0,0,0,0,0,0,0,0
0,0,0,0,0,0,0,0,0,0,0,0,0.677415,0.0812898,0,0,0,0.121935,0.0948381,0,0,0,0,0,0,0,0,0,0,0,0,0,3.84772,0.419997,0,0,0,17.8293,2.42515,0,0,0,15.1739,2.93998,0,0,0,3.06192,0.365804,0,0,0,0,0,0,0,0,5.94772,0,0,0,0,19.008,0,0,0,0,13.0875,0,0,0,0,1.58515,0,0,0,0,0,0,0,0,0,0.501287,0,0,0,0,8.68447,0,0,0,0,3.60385,0,0,0,0,0.216773,0,0,0,0,0,0,0,0,0,0,0,0,0,0,0.325159,0,0,0,0,0,0,0,0,0,0,0,0
0,0,0,0,0,0,0,0,0,0,0,0,1.37592,0,0,0,0,0,0,0,0,0,0,0,0,0,0,0,0,0,0,0,8.4193,0,0,0,0,33.5139,0.13104,0,0,0,1.11384,0,0,0,0,0,0,0,0,0,0,0,0,0,0,6.66665,0,0,0,0,40.9015,0,0,0,0,1.78542,0,0,0,0,0,0,0,0,0,0,0,0,0,0,0.0982801,0,0,0,0,5.71662,0,0,0,0,0.04914,0,0,0,0,0,0,0,0,0,0,0,0,0,0,0,0,0,0,0,0.22932,0,0,0,0,0,0,0,0,0,0,0,0
0,0,0,0,0,0,0,0,0,0,0,0,0.852529,0,0,0,0,0,0,0,0,0,0,0,0,0,0,0,0,0,0,0,0.308362,0,0,0,0,29.1764,0,0,0,0,2.64828,0,0,0,0,0,0,0,0,0,0,0,0,0,0,0.0997642,0,0,0,0,50.9561,0,0,0,0,6.36675,0,0,0,0,0,0,0,0,0,0,0,0,0,0,0.0181389,0,0,0,0,9.34153,0,0,0,0,0.00906947,0,0,0,0,0,0,0,0,0,0,0,0,0,0,0,0,0,0,0,0.226737,0,0,0,0,0,0,0,0,0,0,0,0
0,0,0,0,0,0,0,0,0,0,0,0,1.31373,0.0208529,0,0,0,0.0104264,0,0,0,0,0,0,0,0,0,0,0,0,0,0,6.85021,1.00094,0,0,0,37.9922,8.23693,0,0,0,8.36205,1.74121,0,0,0,0,0,0,0,0,0,0,0,0,0,2.70045,0,0,0,0,21.8326,0,0,0,0,3.35732,0,0,0,0,0,0,0,0,0,0,0,0,0,0,0.0521322,0,0,0,0,6.38101,0,0,0,0,0.0208529,0,0,0,0,0,0,0,0,0,0,0,0,0,0,0,0,0,0,0,0.125117,0,0,0,0,0,0,0,0,0,0,0,0
0,0,0,0,0,0,0,0.0634863,0,0,0,0,0.616724,0,0,0,0,0.0997642,0,0,0,0,0,0,0,0,0,0.471613,0,0,0,0,13.5951,1.21531,0,0,0,18.6014,1.28786,0,0,0,2.94757,0.190459,0,0,0,0,0,0,0,0,0.199528,0,0,0,0,14.5202,0,0,0,0,23.6894,0,0,0,0,4.52565,0,0,0,0,0,0,0,0,0,0,0,0,0,0,3.71847,0,0,0,0,12.7426,0,0,0,0,0.906946,0,0,0,0,0,0,0,0,0,0,0,0,0,0,0,0,0,0,0,0.607654,0,0,0,0,0,0,0,0,0,0,0,0
0,0,0,0,0,0,0,0.0847868,0.0242248,0,0,0,0.787306,0.230136,0,0,0,0.133236,0.157461,0,0,0,0,0,0,0,0,0,0,0,0,0,6.00778,1.81686,0,0,0,20.3972,6.56496,0,0,0,12.6092,6.55285,0,0,0,1.3687,0.823643,0,0,0,0,0,0,0,0,6.10468,0,0,0,0,16.9817,0,0,0,0,9.93227,0,0,0,0,0.520833,0,0,0,0,0,0,0,0,0,0.872092,0,0,0,0,6.11679,0,0,0,0,1.45349,0,0,0,0,0.0121124,0,0,0,0,0,0,0,0,0,0,0,0,0,0,0.448159,0,0,0,0,0,0,0,0,0,0,0,0
0,0,0,0,0,0,0,0,0,0,0,0,0.434577,0,0,0,0,0,0,0,0,0,0,0,0,0,0,0,0,0,0,0,2.41852,0,0,0,0,17.9307,0,0,0,0,0.576287,0,0,0,0,0,0,0,0,0,0,0,0,0,0,14.218,0,0,0,0,42.2212,0,0,0,0,2.78696,0,0,0,0,0,0,0,0,0,0,0,0,0,0,1.88947,0,0,0,0,16.5609,0,0,0,0,0.519603,0,0,0,0,0,0,0,0,0,0,0,0,0,0,0,0,0,0,0,0.444025,0,0,0,0,0,0,0,0,0,0,0,0
0,0,0,0,0,0,0,0.0643501,0,0,0,0,0.634308,0,0,0,0,0.0643501,0,0,0,0,0,0,0,0,0,0.110314,0,0,0,0,11.7759,0.376907,0,0,0,18.0454,0.505607,0,0,0,2.25225,0.0459643,0,0,0,0,0,0,0,0,0.211436,0,0,0,0,15.7287,0,0,0,0,26.4206,0,0,0,0,4.21954,0,0,0,0,0,0,0,0,0,0,0,0,0,0,3.93456,0,0,0,0,14.1016,0,0,0,0,0.891708,0,0,0,0,0,0,0,0,0,0,0,0,0,0,0,0,0,0,0,0.615922,0,0,0,0,0,0,0,0,0,0,0,0
0,0,0,0,0,0,0,0,0,0,0,0,0.680272,0,0,0,0,0,0,0,0,0,0,0,0,0,0,0,0,0,0,0,0,0,0,0,0,21.8525,0,0,0,0,0,0,0,0,0,0,0,0,0,0,0,0,0,0,0,0,0,0,0,0,67.8697,0,0,0,0,0.0745504,0,0,0,0,0,0,0,0,0,0,0,0,0,0,0,0,0,0,0,9.30012,0,0,0,0,0,0,0,0,0,0,0,0,0,0,0,0,0,0,0,0,0,0,0,0,0.223651,0,0,0,0,0,0,0,0,0,0,0,0
0,0,0,0,0,0,0,0,0,0,0,0,0.708228,0,0,0,0,0,0,0,0,0,0,0,0,0,0,0,0,0,0,0,0,0,0,0,0,23.5673,0,0,0,0,0.0279564,0,0,0,0,0,0,0,0,0,0,0,0,0,0,0,0,0,0,0,65.457,0,0,0,0,0.493896,0,0,0,0,0,0,0,0,0,0,0,0,0,0,0,0,0,0,0,9.55171,0,0,0,0,0,0,0,0,0,0,0,0,0,0,0,0,0,0,0,0,0,0,0,0,0.195695,0,0,0,0,0,0,0,0,0,0,0,0
0,0,0,0,0,0,0,0.0652316,0,0,0,0,0.61504,0,0,0,0,0.102507,0,0,0,0,0,0,0,0,0,0.437984,0,0,0,0,14.2575,2.20856,0,0,0,19.2897,2.12469,0,0,0,3.69957,0.447302,0,0,0,0,0,0,0,0,0.167738,0,0,0,0,13.3722,0,0,0,0,21.6662,0,0,0,0,4.86442,0,0,0,0,0,0,0,0,0,0,0,0,0,0,3.55979,0,0,0,0,11.6204,0,0,0,0,0.903922,0,0,0,0,0,0,0,0,0,0,0,0,0,0,0,0,0,0,0,0.596403,0,0,0,0,0,0,0,0,0,0,0,0
0,0,0,0,0,0,0,0,0,0,0,0,0.726237,0,0,0,0,0,0,0,0,0,0,0,0,0,0,0,0,0,0,0,0,0,0,0,0,22.0354,0,0,0,0,0,0,0,0,0,0,0,0,0,0,0,0,0,0,0,0,0,0,0,0,68.2323,0,0,0,0,0,0,0,0,0,0,0,0,0,0,0,0,0,0,0,0,0,0,0,0,8.76081,0,0,0,0,0,0,0,0,0,0,0,0,0,0,0,0,0,0,0,0,0,0,0,0,0.248207,0,0,0,0,0,0,0,0,0,0,0,0
0,0,0,0,0,0,0,0,0,0,0,0,1.51111,0,0,0,0,0.0126984,0,0,0,0,0,0,0,0,0,0,0,0,0,0,12.0381,2.69206,0,0,0,39.1885,5.18097,0,0,0,3.27619,0,0,0,0,0,0,0,0,0,0,0,0,0,0,5.13018,0,0,0,0,25.9433,0,0,0,0,1.67619,0,0,0,0,0,0,0,0,0,0,0,0,0,0,0.0634921,0,0,0,0,3.03492,0,0,0,0,0.0126984,0,0,0,0,0,0,0,0,0,0,0,0,0,0,0,0,0,0,0,0.24127,0,0,0,0,0,0,0,0,0,0,0,0
0,0,0,0,0,0,0,0,0,0,0,0,0.521853,0,0,0,0,0,0,0,0,0,0,0,0,0,0,0,0,0,0,0,0.680272,0,0,0,0,18.9915,0,0,0,0,0.242289,0,0,0,0,0,0,0,0,0,0,0,0,0,0,7.46438,0,0,0,0,49.885,0,0,0,0,1.98491,0,0,0,0,0,0,0,0,0,0,0,0,0,0,1.44441,0,0,0,0,17.7707,0,0,0,0,0.512534,0,0,0,0,0,0,0,0,0,0,0,0,0,0,0,0,0,0,0,0.503215,0,0,0,0,0,0,0,0,0,0,0,0
0,0,0,0,0,0,0,0,0,0,0,0,1.14874,0,0,0,0,0.00998901,0,0,0,0,0,0,0,0,0,0,0,0,0,0,4.35521,0.329637,0,0,0,39.4372,5.98338,0,0,0,9.23972,2.1876,0,0,0,0,0,0,0,0,0,0,0,0,0,2.14764,0,0,0,0,24.8222,0,0,0,0,4.05554,0,0,0,0,0,0,0,0,0,0,0,0,0,0,0.0499451,0,0,0,0,6.09325,0,0,0,0,0.019978,0,0,0,0,0,0,0,0,0,0,0,0,0,0,0,0,0,0,0,0.119868,0,0,0,0,0,0,0,0,0,0,0,0
0,0,0,0,0,0,0,0,0,0,0,0,1.56808,0,0,0,0,0.0155255,0,0,0,0,0,0,0,0,0,0,0,0,0,0,11.1318,0.27946,0,0,0,37.681,0.900481,0,0,0,1.31967,0,0,0,0,0,0,0,0,0,0,0,0,0,0,6.2723,0,0,0,0,35.1037,0,0,0,0,1.49045,0,0,0,0,0,0,0,0,0,0,0,0,0,0,0.0310511,0,0,0,0,3.92797,0,0,0,0,0.0155255,0,0,0,0,0,0,0,0,0,0,0,0,0,0,0,0,0,0,0,0.263934,0,0,0,0,0,0,0,0,0,0,0,0
0,0,0,0,0,0,0,0.0762527,0,0,0,0,0.675381,0,0,0,0,0.119826,0,0,0,0,0,0,0,0,0,0.196078,0,0,0,0,13.6164,3.84533,0,0,0,21.0562,3.52942,0,0,0,4.77126,0.893246,0,0,0,0,0,0,0,0,0.0762527,0,0,0,0,11.7211,0,0,0,0,19.2698,0,0,0,0,5.5338,0,0,0,0,0,0,0,0,0,0,0,0,0,0,3.20262,0,0,0,0,9.85837,0,0,0,0,0.958605,0,0,0,0,0,0,0,0,0,0,0,0,0,0,0,0,0,0,0,0.599128,0,0,0,0,0,0,0,0,0,0,0,0
0,0,0,0,0,0,0,0.0670498,0,0,0,0,0.555556,0,0,0,0,0,0,0,0,0,0,0,0,0,0,0,0,0,0,0,9.19548,0.0574713,0,0,0,17.0596,0.114943,0,0,0,1.53257,0,0,0,0,0,0,0,0,0,0,0,0,0,0,17.2895,0,0,0,0,29.8088,0,0,0,0,3.76436,0,0,0,0,0,0,0,0,0,0,0,0,0,0,4.09961,0,0,0,0,15.1055,0,0,0,0,0.747126,0,0,0,0,0,0,0,0,0,0,0,0,0,0,0,0,0,0,0,0.603448,0,0,0,0,0,0,0,0,0,0,0,0
0,0,0,0,0,0,0,0,0,0,0,0,0.708812,0,0,0,0,0,0,0,0,0,0,0,0,0,0,0,0,0,0,0,0,0,0,0,0,22.0693,0,0,0,0,0,0,0,0,0,0,0,0,0,0,0,0,0,0,0,0,0,0,0,0,68.4284,0,0,0,0,0,0,0,0,0,0,0,0,0,0,0,0,0,0,0,0,0,0,0,0,8.50581,0,0,0,0,0,0,0,0,0,0,0,0,0,0,0,0,0,0,0,0,0,0,0,0,0.287356,0,0,0,0,0,0,0,0,0,0,0,0
0,0,0,0,0,0,0,0,0,0,0,0,0.650542,0,0,0,0,0,0,0,0,0,0,0,0,0,0,0,0,0,0,0,3.0859,0.0166806,0,0,0,19.5162,0.617181,0,0,0,14.729,0.450375,0,0,0,1.13428,0,0,0,0,0,0,0,0,0,5.90493,0,0,0,0,20.4002,0,0,0,0,13.9284,0,0,0,0,1.75146,0,0,0,0,0,0,0,0,0,0.467056,0,0,0,0,11.6264,0,0,0,0,5.22102,0,0,0,0,0.316931,0,0,0,0,0,0,0,0,0,0,0,0,0,0,0.183486,0,0,0,0,0,0,0,0,0,0,0,0
0,0,0,0,0,0,0,0,0,0,0,0,1.21254,0,0,0,0,0,0,0,0,0,0,0,0,0,0,0,0,0,0,0,1.16678,0,0,0,0,12.5829,0,0,0,0,1.69298,0,0,0,0,0,0,0,0,0,0,0,0,0,0,6.81768,0,0,0,0,29.9934,0,0,0,0,10.9357,0,0,0,0,0,0,0,0,0,0,0,0,0,0,2.49371,0,0,0,0,27.4767,0,0,0,0,5.19333,0,0,0,0,0,0,0,0,0,0,0,0,0,0,0,0,0,0,0,0.434683,0,0,0,0,0,0,0,0,0,0,0,0
0,0,0,0,0,0,0,0,0,0,0,0,0.738151,0,0,0,0,0,0,0,0,0,0,0,0,0,0,0,0,0,0,0,0.00971251,0,0,0,0,24.2032,0,0,0,0,0.184538,0,0,0,0,0,0,0,0,0,0,0,0,0,0,0,0,0,0,0,63.1394,0,0,0,0,1.7094,0,0,0,0,0,0,0,0,0,0,0,0,0,0,0,0,0,0,0,9.79993,0,0,0,0,0,0,0,0,0,0,0,0,0,0,0,0,0,0,0,0,0,0,0,0,0.213675,0,0,0,0,0,0,0,0,0,0,0,0
0,0,0,0,0,0,0,0,0,0,0,0,0.891089,0,0,0,0,0,0,0,0,0,0,0,0,0,0,0,0,0,0,0,2.0396,0,0,0,0,16.0397,0,0,0,0,6.95052,0,0,0,0,0,0,0,0,0,0,0,0,0,0,7.06934,0,0,0,0,22.3764,0,0,0,0,14.7723,0,0,0,0,0.792079,0,0,0,0,0,0,0,0,0,0.970297,0,0,0,0,19.109,0,0,0,0,8.5941,0,0,0,0,0.138614,0,0,0,0,0,0,0,0,0,0,0,0,0,0,0.257426,0,0,0,0,0,0,0,0,0,0,0,0
0,0,0,0,0,0,0,0,0,0,0,0,1.58097,0,0,0,0,0.014243,0,0,0,0,0,0,0,0,0,0,0,0,0,0,12.0211,1.86583,0,0,0,40.165,3.47528,0,0,0,2.26464,0,0,0,0,0,0,0,0,0,0,0,0,0,0,5.22718,0,0,0,0,28.4854,0,0,0,0,1.45279,0,0,0,0,0,0,0,0,0,0,0,0,0,0,0.0569719,0,0,0,0,3.11921,0,0,0,0,0.014243,0,0,0,0,0,0,0,0,0,0,0,0,0,0,0,0,0,0,0,0.256374,0,0,0,0,0,0,0,0,0,0,0,0
0,0,0,0,0,0,0,0,0,0,0,0,0.795962,0,0,0,0,0,0,0,0,0,0,0,0,0,0,0,0,0,0,0,2.36847,0,0,0,0,17.5888,0,0,0,0,9.26031,0,0,0,0,0.0582411,0,0,0,0,0,0,0,0,0,6.9889,0,0,0,0,21.2579,0,0,0,0,14.1914,0,0,0,0,1.08717,0,0,0,0,0,0,0,0,0,0.718307,0,0,0,0,17.0841,0,0,0,0,8.03723,0,0,0,0,0.310619,0,0,0,0,0,0,0,0,0,0,0,0,0,0,0.252378,0,0,0,0,0,0,0,0,0,0,0,0
0,0,0,0,0,0,0,0,0,0,0,0,1.05947,0,0,0,0,0.0113921,0,0,0,0,0,0,0,0,0,0,0,0,0,0,8.49854,1.5949,0,0,0,38.198,9.80869,0,0,0,6.81249,1.24174,0,0,0,0,0,0,0,0,0,0,0,0,0,3.0303,0,0,0,0,20.9051,0,0,0,0,2.64297,0,0,0,0,0,0,0,0,0,0,0,0,0,0,0.0569606,0,0,0,0,6.01504,0,0,0,0,0.0113921,0,0,0,0,0,0,0,0,0,0,0,0,0,0,0,0,0,0,0,0.113921,0,0,0,0,0,0,0,0,0,0,0,0
